等级	技能战力系数	攻击	生命	防御	速度	攻击%	生命%	防御%	速度%	精准	格挡	暴击	荆棘等级	吸血等级	控制等级	免控等级	伤害增强	治疗增强	灵魂伤害	无视防御	减伤率	暴击伤害	受治疗效果	每回合回血
level	sPrC	aPrC1	aPrC2	aPrC3	aPrC4	aPrC101	aPrC102	aPrC103	aPrC104	aPrC11	aPrC12	aPrC13	aPrC21	aPrC22	aPrC23	aPrC24	aPrC31	aPrC32	aPrC33	aPrC34	aPrC35	aPrC36	aPrC37	aPrC38
Int	Int	Int	Int	Int	Int	Int	Int	Int	Int	Int	Int	Int	Int	Int	Int	Int	Int	Int	Int	Int	Int	Int	Int	Int
1	9	3	3	3	3	2833	2833	2833	2833	0	0	1416	1416	2833	2833	2833	0	0	2833	2833	1416	1416	1416	1416
2	12	3	3	3	3	2833	2833	2833	2833	0	0	1416	1416	2833	2833	2833	0	0	2833	2833	1416	1416	1416	1416
3	12	3	3	3	3	2833	2833	2833	2833	0	0	1416	1416	2833	2833	2833	0	0	2833	2833	1416	1416	1416	1416
4	12	3	3	3	3	2833	2833	2833	2833	0	0	1416	1416	2833	2833	2833	0	0	2833	2833	1416	1416	1416	1416
5	12	3	3	3	3	2833	2833	2833	2833	0	0	1416	1416	2833	2833	2833	0	0	2833	2833	1416	1416	1416	1416
6	12	3	3	3	3	2833	2833	2833	2833	0	0	1416	1416	2833	2833	2833	0	0	2833	2833	1416	1416	1416	1416
7	15	3	3	3	3	2833	2833	2833	2833	0	0	1416	1416	2833	2833	2833	0	0	2833	2833	1416	1416	1416	1416
8	15	3	3	3	3	2833	2833	2833	2833	0	0	1416	1416	2833	2833	2833	0	0	2833	2833	1416	1416	1416	1416
9	15	3	3	3	3	2833	2833	2833	2833	0	0	1416	1416	2833	2833	2833	0	0	2833	2833	1416	1416	1416	1416
10	15	3	3	3	3	2833	2833	2833	2833	0	0	1416	1416	2833	2833	2833	0	0	2833	2833	1416	1416	1416	1416
11	24	3	3	3	3	2833	2833	2833	2833	0	0	1416	1416	2833	2833	2833	0	0	2833	2833	1416	1416	1416	1416
12	24	3	3	3	3	2833	2833	2833	2833	0	0	1416	1416	2833	2833	2833	0	0	2833	2833	1416	1416	1416	1416
13	27	3	3	3	3	2833	2833	2833	2833	0	0	1416	1416	2833	2833	2833	0	0	2833	2833	1416	1416	1416	1416
14	27	3	3	3	3	2833	2833	2833	2833	0	0	1416	1416	2833	2833	2833	0	0	2833	2833	1416	1416	1416	1416
15	27	3	3	3	3	2833	2833	2833	2833	0	0	1416	1416	2833	2833	2833	0	0	2833	2833	1416	1416	1416	1416
16	36	3	3	3	3	2833	2833	2833	2833	0	0	1416	1416	2833	2833	2833	0	0	2833	2833	1416	1416	1416	1416
17	36	3	3	3	3	2833	2833	2833	2833	0	0	1416	1416	2833	2833	2833	0	0	2833	2833	1416	1416	1416	1416
18	36	3	3	3	3	2833	2833	2833	2833	0	0	1416	1416	2833	2833	2833	0	0	2833	2833	1416	1416	1416	1416
19	36	3	3	3	3	2833	2833	2833	2833	0	0	1416	1416	2833	2833	2833	0	0	2833	2833	1416	1416	1416	1416
20	36	3	3	3	3	2833	2833	2833	2833	0	0	1416	1416	2833	2833	2833	0	0	2833	2833	1416	1416	1416	1416
21	45	3	3	3	3	2833	2833	2833	2833	0	0	1416	1416	2833	2833	2833	0	0	2833	2833	1416	1416	1416	1416
22	48	3	3	3	3	2833	2833	2833	2833	0	0	1416	1416	2833	2833	2833	0	0	2833	2833	1416	1416	1416	1416
23	48	3	3	3	3	2833	2833	2833	2833	0	0	1416	1416	2833	2833	2833	0	0	2833	2833	1416	1416	1416	1416
24	48	3	3	3	3	2833	2833	2833	2833	0	0	1416	1416	2833	2833	2833	0	0	2833	2833	1416	1416	1416	1416
25	48	3	3	3	3	2833	2833	2833	2833	0	0	1416	1416	2833	2833	2833	0	0	2833	2833	1416	1416	1416	1416
26	51	3	3	3	3	2833	2833	2833	2833	0	0	1416	1416	2833	2833	2833	0	0	2833	2833	1416	1416	1416	1416
27	51	3	3	3	3	2833	2833	2833	2833	0	0	1416	1416	2833	2833	2833	0	0	2833	2833	1416	1416	1416	1416
28	51	3	3	3	3	2833	2833	2833	2833	0	0	1416	1416	2833	2833	2833	0	0	2833	2833	1416	1416	1416	1416
29	54	3	3	3	3	2833	2833	2833	2833	0	0	1416	1416	2833	2833	2833	0	0	2833	2833	1416	1416	1416	1416
30	54	3	3	3	3	2833	2833	2833	2833	0	0	1416	1416	2833	2833	2833	0	0	2833	2833	1416	1416	1416	1416
31	57	3	3	3	3	2833	2833	2833	2833	0	0	1416	1416	2833	2833	2833	0	0	2833	2833	1416	1416	1416	1416
32	60	3	3	3	3	2833	2833	2833	2833	0	0	1416	1416	2833	2833	2833	0	0	2833	2833	1416	1416	1416	1416
33	63	3	3	3	3	2833	2833	2833	2833	0	0	1416	1416	2833	2833	2833	0	0	2833	2833	1416	1416	1416	1416
34	66	3	3	3	3	2833	2833	2833	2833	0	0	1416	1416	2833	2833	2833	0	0	2833	2833	1416	1416	1416	1416
35	75	3	3	3	3	2833	2833	2833	2833	0	0	1416	1416	2833	2833	2833	0	0	2833	2833	1416	1416	1416	1416
36	78	3	3	3	3	2833	2833	2833	2833	0	0	1416	1416	2833	2833	2833	0	0	2833	2833	1416	1416	1416	1416
37	81	3	3	3	3	2833	2833	2833	2833	0	0	1416	1416	2833	2833	2833	0	0	2833	2833	1416	1416	1416	1416
38	84	3	3	3	3	2833	2833	2833	2833	0	0	1416	1416	2833	2833	2833	0	0	2833	2833	1416	1416	1416	1416
39	87	3	3	3	3	2833	2833	2833	2833	0	0	1416	1416	2833	2833	2833	0	0	2833	2833	1416	1416	1416	1416
40	90	3	3	3	3	2833	2833	2833	2833	0	0	1416	1416	2833	2833	2833	0	0	2833	2833	1416	1416	1416	1416
41	93	3	3	3	3	2833	2833	2833	2833	0	0	1416	1416	2833	2833	2833	0	0	2833	2833	1416	1416	1416	1416
42	99	3	3	3	3	2833	2833	2833	2833	0	0	1416	1416	2833	2833	2833	0	0	2833	2833	1416	1416	1416	1416
43	108	3	3	3	3	2833	2833	2833	2833	0	0	1416	1416	2833	2833	2833	0	0	2833	2833	1416	1416	1416	1416
44	111	3	3	3	3	2833	2833	2833	2833	0	0	1416	1416	2833	2833	2833	0	0	2833	2833	1416	1416	1416	1416
45	117	3	3	3	3	2833	2833	2833	2833	0	0	1416	1416	2833	2833	2833	0	0	2833	2833	1416	1416	1416	1416
46	120	3	3	3	3	2833	2833	2833	2833	0	0	1416	1416	2833	2833	2833	0	0	2833	2833	1416	1416	1416	1416
47	123	3	3	3	3	2833	2833	2833	2833	0	0	1416	1416	2833	2833	2833	0	0	2833	2833	1416	1416	1416	1416
48	126	3	3	3	3	2833	2833	2833	2833	0	0	1416	1416	2833	2833	2833	0	0	2833	2833	1416	1416	1416	1416
49	129	3	3	3	3	2833	2833	2833	2833	0	0	1416	1416	2833	2833	2833	0	0	2833	2833	1416	1416	1416	1416
50	135	3	3	3	3	2833	2833	2833	2833	0	0	1416	1416	2833	2833	2833	0	0	2833	2833	1416	1416	1416	1416
51	189	3	3	3	3	2833	2833	2833	2833	0	0	1416	1416	2833	2833	2833	0	0	2833	2833	1416	1416	1416	1416
52	195	3	3	3	3	2833	2833	2833	2833	0	0	1416	1416	2833	2833	2833	0	0	2833	2833	1416	1416	1416	1416
53	201	3	3	3	3	2833	2833	2833	2833	0	0	1416	1416	2833	2833	2833	0	0	2833	2833	1416	1416	1416	1416
54	207	3	3	3	3	2833	2833	2833	2833	0	0	1416	1416	2833	2833	2833	0	0	2833	2833	1416	1416	1416	1416
55	216	3	3	3	3	2833	2833	2833	2833	0	0	1416	1416	2833	2833	2833	0	0	2833	2833	1416	1416	1416	1416
56	222	3	3	3	3	2833	2833	2833	2833	0	0	1416	1416	2833	2833	2833	0	0	2833	2833	1416	1416	1416	1416
57	228	3	3	3	3	2833	2833	2833	2833	0	0	1416	1416	2833	2833	2833	0	0	2833	2833	1416	1416	1416	1416
58	234	3	3	3	3	2833	2833	2833	2833	0	0	1416	1416	2833	2833	2833	0	0	2833	2833	1416	1416	1416	1416
59	243	3	3	3	3	2833	2833	2833	2833	0	0	1416	1416	2833	2833	2833	0	0	2833	2833	1416	1416	1416	1416
60	258	3	3	3	3	2833	2833	2833	2833	0	0	1416	1416	2833	2833	2833	0	0	2833	2833	1416	1416	1416	1416
61	279	3	3	3	3	2833	2833	2833	2833	0	0	1416	1416	2833	2833	2833	0	0	2833	2833	1416	1416	1416	1416
62	297	3	3	3	3	2833	2833	2833	2833	0	0	1416	1416	2833	2833	2833	0	0	2833	2833	1416	1416	1416	1416
63	312	3	3	3	3	2833	2833	2833	2833	0	0	1416	1416	2833	2833	2833	0	0	2833	2833	1416	1416	1416	1416
64	330	3	3	3	3	2833	2833	2833	2833	0	0	1416	1416	2833	2833	2833	0	0	2833	2833	1416	1416	1416	1416
65	345	3	3	3	3	2833	2833	2833	2833	0	0	1416	1416	2833	2833	2833	0	0	2833	2833	1416	1416	1416	1416
66	360	3	3	3	3	2833	2833	2833	2833	0	0	1416	1416	2833	2833	2833	0	0	2833	2833	1416	1416	1416	1416
67	375	3	3	3	3	2833	2833	2833	2833	0	0	1416	1416	2833	2833	2833	0	0	2833	2833	1416	1416	1416	1416
68	393	3	3	3	3	2833	2833	2833	2833	0	0	1416	1416	2833	2833	2833	0	0	2833	2833	1416	1416	1416	1416
69	408	3	3	3	3	2833	2833	2833	2833	0	0	1416	1416	2833	2833	2833	0	0	2833	2833	1416	1416	1416	1416
70	423	3	3	3	3	2833	2833	2833	2833	0	0	1416	1416	2833	2833	2833	0	0	2833	2833	1416	1416	1416	1416
71	621	3	3	3	3	2833	2833	2833	2833	0	0	1416	1416	2833	2833	2833	0	0	2833	2833	1416	1416	1416	1416
72	648	3	3	3	3	2833	2833	2833	2833	0	0	1416	1416	2833	2833	2833	0	0	2833	2833	1416	1416	1416	1416
73	669	3	3	3	3	2833	2833	2833	2833	0	0	1416	1416	2833	2833	2833	0	0	2833	2833	1416	1416	1416	1416
74	687	3	3	3	3	2833	2833	2833	2833	0	0	1416	1416	2833	2833	2833	0	0	2833	2833	1416	1416	1416	1416
75	708	3	3	3	3	2833	2833	2833	2833	0	0	1416	1416	2833	2833	2833	0	0	2833	2833	1416	1416	1416	1416
76	729	3	3	3	3	2833	2833	2833	2833	0	0	1416	1416	2833	2833	2833	0	0	2833	2833	1416	1416	1416	1416
77	747	3	3	3	3	2833	2833	2833	2833	0	0	1416	1416	2833	2833	2833	0	0	2833	2833	1416	1416	1416	1416
78	768	3	3	3	3	2833	2833	2833	2833	0	0	1416	1416	2833	2833	2833	0	0	2833	2833	1416	1416	1416	1416
79	993	3	3	3	3	2833	2833	2833	2833	0	0	1416	1416	2833	2833	2833	0	0	2833	2833	1416	1416	1416	1416
80	1041	3	3	3	3	2833	2833	2833	2833	0	0	1416	1416	2833	2833	2833	0	0	2833	2833	1416	1416	1416	1416
81	1065	3	3	3	3	2833	2833	2833	2833	0	0	1416	1416	2833	2833	2833	0	0	2833	2833	1416	1416	1416	1416
82	1101	3	3	3	3	2833	2833	2833	2833	0	0	1416	1416	2833	2833	2833	0	0	2833	2833	1416	1416	1416	1416
83	1122	3	3	3	3	2833	2833	2833	2833	0	0	1416	1416	2833	2833	2833	0	0	2833	2833	1416	1416	1416	1416
84	1143	3	3	3	3	2833	2833	2833	2833	0	0	1416	1416	2833	2833	2833	0	0	2833	2833	1416	1416	1416	1416
85	1167	3	3	3	3	2833	2833	2833	2833	0	0	1416	1416	2833	2833	2833	0	0	2833	2833	1416	1416	1416	1416
86	1188	3	3	3	3	2833	2833	2833	2833	0	0	1416	1416	2833	2833	2833	0	0	2833	2833	1416	1416	1416	1416
87	1212	3	3	3	3	2833	2833	2833	2833	0	0	1416	1416	2833	2833	2833	0	0	2833	2833	1416	1416	1416	1416
88	1350	3	3	3	3	2833	2833	2833	2833	0	0	1416	1416	2833	2833	2833	0	0	2833	2833	1416	1416	1416	1416
89	1371	3	3	3	3	2833	2833	2833	2833	0	0	1416	1416	2833	2833	2833	0	0	2833	2833	1416	1416	1416	1416
90	1395	3	3	3	3	2833	2833	2833	2833	0	0	1416	1416	2833	2833	2833	0	0	2833	2833	1416	1416	1416	1416
91	1464	3	3	3	3	2833	2833	2833	2833	0	0	1416	1416	2833	2833	2833	0	0	2833	2833	1416	1416	1416	1416
92	1488	3	3	3	3	2833	2833	2833	2833	0	0	1416	1416	2833	2833	2833	0	0	2833	2833	1416	1416	1416	1416
93	1512	3	3	3	3	2833	2833	2833	2833	0	0	1416	1416	2833	2833	2833	0	0	2833	2833	1416	1416	1416	1416
94	1533	3	3	3	3	2833	2833	2833	2833	0	0	1416	1416	2833	2833	2833	0	0	2833	2833	1416	1416	1416	1416
95	1575	3	3	3	3	2833	2833	2833	2833	0	0	1416	1416	2833	2833	2833	0	0	2833	2833	1416	1416	1416	1416
96	1596	3	3	3	3	2833	2833	2833	2833	0	0	1416	1416	2833	2833	2833	0	0	2833	2833	1416	1416	1416	1416
97	1617	3	3	3	3	2833	2833	2833	2833	0	0	1416	1416	2833	2833	2833	0	0	2833	2833	1416	1416	1416	1416
98	1641	3	3	3	3	2833	2833	2833	2833	0	0	1416	1416	2833	2833	2833	0	0	2833	2833	1416	1416	1416	1416
99	1662	3	3	3	3	2833	2833	2833	2833	0	0	1416	1416	2833	2833	2833	0	0	2833	2833	1416	1416	1416	1416
100	1737	3	3	3	3	2833	2833	2833	2833	0	0	1416	1416	2833	2833	2833	0	0	2833	2833	1416	1416	1416	1416
101	2337	3	3	3	3	2833	2833	2833	2833	0	0	1416	1416	2833	2833	2833	0	0	2833	2833	1416	1416	1416	1416
102	2379	3	3	3	3	2833	2833	2833	2833	0	0	1416	1416	2833	2833	2833	0	0	2833	2833	1416	1416	1416	1416
103	2424	3	3	3	3	2833	2833	2833	2833	0	0	1416	1416	2833	2833	2833	0	0	2833	2833	1416	1416	1416	1416
104	2469	3	3	3	3	2833	2833	2833	2833	0	0	1416	1416	2833	2833	2833	0	0	2833	2833	1416	1416	1416	1416
105	2538	3	3	3	3	2833	2833	2833	2833	0	0	1416	1416	2833	2833	2833	0	0	2833	2833	1416	1416	1416	1416
106	2583	3	3	3	3	2833	2833	2833	2833	0	0	1416	1416	2833	2833	2833	0	0	2833	2833	1416	1416	1416	1416
107	2670	3	3	3	3	2833	2833	2833	2833	0	0	1416	1416	2833	2833	2833	0	0	2833	2833	1416	1416	1416	1416
108	2715	3	3	3	3	2833	2833	2833	2833	0	0	1416	1416	2833	2833	2833	0	0	2833	2833	1416	1416	1416	1416
109	2760	3	3	3	3	2833	2833	2833	2833	0	0	1416	1416	2833	2833	2833	0	0	2833	2833	1416	1416	1416	1416
110	2805	3	3	3	3	2833	2833	2833	2833	0	0	1416	1416	2833	2833	2833	0	0	2833	2833	1416	1416	1416	1416
111	2850	3	3	3	3	2833	2833	2833	2833	0	0	1416	1416	2833	2833	2833	0	0	2833	2833	1416	1416	1416	1416
112	2895	3	3	3	3	2833	2833	2833	2833	0	0	1416	1416	2833	2833	2833	0	0	2833	2833	1416	1416	1416	1416
113	2943	3	3	3	3	2833	2833	2833	2833	0	0	1416	1416	2833	2833	2833	0	0	2833	2833	1416	1416	1416	1416
114	3060	3	3	3	3	2833	2833	2833	2833	0	0	1416	1416	2833	2833	2833	0	0	2833	2833	1416	1416	1416	1416
115	3108	3	3	3	3	2833	2833	2833	2833	0	0	1416	1416	2833	2833	2833	0	0	2833	2833	1416	1416	1416	1416
116	3153	3	3	3	3	2833	2833	2833	2833	0	0	1416	1416	2833	2833	2833	0	0	2833	2833	1416	1416	1416	1416
117	3201	3	3	3	3	2833	2833	2833	2833	0	0	1416	1416	2833	2833	2833	0	0	2833	2833	1416	1416	1416	1416
118	3246	3	3	3	3	2833	2833	2833	2833	0	0	1416	1416	2833	2833	2833	0	0	2833	2833	1416	1416	1416	1416
119	3294	3	3	3	3	2833	2833	2833	2833	0	0	1416	1416	2833	2833	2833	0	0	2833	2833	1416	1416	1416	1416
120	3348	3	3	3	3	2833	2833	2833	2833	0	0	1416	1416	2833	2833	2833	0	0	2833	2833	1416	1416	1416	1416
121	3468	3	3	3	3	2833	2833	2833	2833	0	0	1416	1416	2833	2833	2833	0	0	2833	2833	1416	1416	1416	1416
122	3561	3	3	3	3	2833	2833	2833	2833	0	0	1416	1416	2833	2833	2833	0	0	2833	2833	1416	1416	1416	1416
123	3624	3	3	3	3	2833	2833	2833	2833	0	0	1416	1416	2833	2833	2833	0	0	2833	2833	1416	1416	1416	1416
124	3684	3	3	3	3	2833	2833	2833	2833	0	0	1416	1416	2833	2833	2833	0	0	2833	2833	1416	1416	1416	1416
125	3747	3	3	3	3	2833	2833	2833	2833	0	0	1416	1416	2833	2833	2833	0	0	2833	2833	1416	1416	1416	1416
126	3855	3	3	3	3	2833	2833	2833	2833	0	0	1416	1416	2833	2833	2833	0	0	2833	2833	1416	1416	1416	1416
127	3918	3	3	3	3	2833	2833	2833	2833	0	0	1416	1416	2833	2833	2833	0	0	2833	2833	1416	1416	1416	1416
128	3981	3	3	3	3	2833	2833	2833	2833	0	0	1416	1416	2833	2833	2833	0	0	2833	2833	1416	1416	1416	1416
129	4083	3	3	3	3	2833	2833	2833	2833	0	0	1416	1416	2833	2833	2833	0	0	2833	2833	1416	1416	1416	1416
130	4146	3	3	3	3	2833	2833	2833	2833	0	0	1416	1416	2833	2833	2833	0	0	2833	2833	1416	1416	1416	1416
131	4212	3	3	3	3	2833	2833	2833	2833	0	0	1416	1416	2833	2833	2833	0	0	2833	2833	1416	1416	1416	1416
132	4323	3	3	3	3	2833	2833	2833	2833	0	0	1416	1416	2833	2833	2833	0	0	2833	2833	1416	1416	1416	1416
133	4389	3	3	3	3	2833	2833	2833	2833	0	0	1416	1416	2833	2833	2833	0	0	2833	2833	1416	1416	1416	1416
134	4455	3	3	3	3	2833	2833	2833	2833	0	0	1416	1416	2833	2833	2833	0	0	2833	2833	1416	1416	1416	1416
135	4560	3	3	3	3	2833	2833	2833	2833	0	0	1416	1416	2833	2833	2833	0	0	2833	2833	1416	1416	1416	1416
136	4629	3	3	3	3	2833	2833	2833	2833	0	0	1416	1416	2833	2833	2833	0	0	2833	2833	1416	1416	1416	1416
137	4740	3	3	3	3	2833	2833	2833	2833	0	0	1416	1416	2833	2833	2833	0	0	2833	2833	1416	1416	1416	1416
138	4809	3	3	3	3	2833	2833	2833	2833	0	0	1416	1416	2833	2833	2833	0	0	2833	2833	1416	1416	1416	1416
139	4878	3	3	3	3	2833	2833	2833	2833	0	0	1416	1416	2833	2833	2833	0	0	2833	2833	1416	1416	1416	1416
140	4953	3	3	3	3	2833	2833	2833	2833	0	0	1416	1416	2833	2833	2833	0	0	2833	2833	1416	1416	1416	1416
141	5064	3	3	3	3	2833	2833	2833	2833	0	0	1416	1416	2833	2833	2833	0	0	2833	2833	1416	1416	1416	1416
142	5175	3	3	3	3	2833	2833	2833	2833	0	0	1416	1416	2833	2833	2833	0	0	2833	2833	1416	1416	1416	1416
143	5241	3	3	3	3	2833	2833	2833	2833	0	0	1416	1416	2833	2833	2833	0	0	2833	2833	1416	1416	1416	1416
144	5349	3	3	3	3	2833	2833	2833	2833	0	0	1416	1416	2833	2833	2833	0	0	2833	2833	1416	1416	1416	1416
145	5418	3	3	3	3	2833	2833	2833	2833	0	0	1416	1416	2833	2833	2833	0	0	2833	2833	1416	1416	1416	1416
146	5484	3	3	3	3	2833	2833	2833	2833	0	0	1416	1416	2833	2833	2833	0	0	2833	2833	1416	1416	1416	1416
147	5601	3	3	3	3	2833	2833	2833	2833	0	0	1416	1416	2833	2833	2833	0	0	2833	2833	1416	1416	1416	1416
148	5667	3	3	3	3	2833	2833	2833	2833	0	0	1416	1416	2833	2833	2833	0	0	2833	2833	1416	1416	1416	1416
149	5736	3	3	3	3	2833	2833	2833	2833	0	0	1416	1416	2833	2833	2833	0	0	2833	2833	1416	1416	1416	1416
150	5805	3	3	3	3	2833	2833	2833	2833	0	0	1416	1416	2833	2833	2833	0	0	2833	2833	1416	1416	1416	1416
151	5871	3	3	3	3	2833	2833	2833	2833	0	0	1416	1416	2833	2833	2833	0	0	2833	2833	1416	1416	1416	1416
152	5940	3	3	3	3	2833	2833	2833	2833	0	0	1416	1416	2833	2833	2833	0	0	2833	2833	1416	1416	1416	1416
153	6447	3	3	3	3	2833	2833	2833	2833	0	0	1416	1416	2833	2833	2833	0	0	2833	2833	1416	1416	1416	1416
154	6516	3	3	3	3	2833	2833	2833	2833	0	0	1416	1416	2833	2833	2833	0	0	2833	2833	1416	1416	1416	1416
155	6585	3	3	3	3	2833	2833	2833	2833	0	0	1416	1416	2833	2833	2833	0	0	2833	2833	1416	1416	1416	1416
156	6654	3	3	3	3	2833	2833	2833	2833	0	0	1416	1416	2833	2833	2833	0	0	2833	2833	1416	1416	1416	1416
157	6723	3	3	3	3	2833	2833	2833	2833	0	0	1416	1416	2833	2833	2833	0	0	2833	2833	1416	1416	1416	1416
158	6792	3	3	3	3	2833	2833	2833	2833	0	0	1416	1416	2833	2833	2833	0	0	2833	2833	1416	1416	1416	1416
159	6864	3	3	3	3	2833	2833	2833	2833	0	0	1416	1416	2833	2833	2833	0	0	2833	2833	1416	1416	1416	1416
160	6942	3	3	3	3	2833	2833	2833	2833	0	0	1416	1416	2833	2833	2833	0	0	2833	2833	1416	1416	1416	1416
161	7053	3	3	3	3	2833	2833	2833	2833	0	0	1416	1416	2833	2833	2833	0	0	2833	2833	1416	1416	1416	1416
162	7164	3	3	3	3	2833	2833	2833	2833	0	0	1416	1416	2833	2833	2833	0	0	2833	2833	1416	1416	1416	1416
163	7281	3	3	3	3	2833	2833	2833	2833	0	0	1416	1416	2833	2833	2833	0	0	2833	2833	1416	1416	1416	1416
164	7395	3	3	3	3	2833	2833	2833	2833	0	0	1416	1416	2833	2833	2833	0	0	2833	2833	1416	1416	1416	1416
165	7512	3	3	3	3	2833	2833	2833	2833	0	0	1416	1416	2833	2833	2833	0	0	2833	2833	1416	1416	1416	1416
166	7626	3	3	3	3	2833	2833	2833	2833	0	0	1416	1416	2833	2833	2833	0	0	2833	2833	1416	1416	1416	1416
167	7743	3	3	3	3	2833	2833	2833	2833	0	0	1416	1416	2833	2833	2833	0	0	2833	2833	1416	1416	1416	1416
168	7863	3	3	3	3	2833	2833	2833	2833	0	0	1416	1416	2833	2833	2833	0	0	2833	2833	1416	1416	1416	1416
169	7980	3	3	3	3	2833	2833	2833	2833	0	0	1416	1416	2833	2833	2833	0	0	2833	2833	1416	1416	1416	1416
170	8103	3	3	3	3	2833	2833	2833	2833	0	0	1416	1416	2833	2833	2833	0	0	2833	2833	1416	1416	1416	1416
171	8223	3	3	3	3	2833	2833	2833	2833	0	0	1416	1416	2833	2833	2833	0	0	2833	2833	1416	1416	1416	1416
172	8346	3	3	3	3	2833	2833	2833	2833	0	0	1416	1416	2833	2833	2833	0	0	2833	2833	1416	1416	1416	1416
173	8469	3	3	3	3	2833	2833	2833	2833	0	0	1416	1416	2833	2833	2833	0	0	2833	2833	1416	1416	1416	1416
174	8595	3	3	3	3	2833	2833	2833	2833	0	0	1416	1416	2833	2833	2833	0	0	2833	2833	1416	1416	1416	1416
175	8718	3	3	3	3	2833	2833	2833	2833	0	0	1416	1416	2833	2833	2833	0	0	2833	2833	1416	1416	1416	1416
176	8847	3	3	3	3	2833	2833	2833	2833	0	0	1416	1416	2833	2833	2833	0	0	2833	2833	1416	1416	1416	1416
177	8973	3	3	3	3	2833	2833	2833	2833	0	0	1416	1416	2833	2833	2833	0	0	2833	2833	1416	1416	1416	1416
178	9102	3	3	3	3	2833	2833	2833	2833	0	0	1416	1416	2833	2833	2833	0	0	2833	2833	1416	1416	1416	1416
179	9234	3	3	3	3	2833	2833	2833	2833	0	0	1416	1416	2833	2833	2833	0	0	2833	2833	1416	1416	1416	1416
180	9408	3	3	3	3	2833	2833	2833	2833	0	0	1416	1416	2833	2833	2833	0	0	2833	2833	1416	1416	1416	1416
181	9624	3	3	3	3	2833	2833	2833	2833	0	0	1416	1416	2833	2833	2833	0	0	2833	2833	1416	1416	1416	1416
182	9786	3	3	3	3	2833	2833	2833	2833	0	0	1416	1416	2833	2833	2833	0	0	2833	2833	1416	1416	1416	1416
183	9945	3	3	3	3	2833	2833	2833	2833	0	0	1416	1416	2833	2833	2833	0	0	2833	2833	1416	1416	1416	1416
184	10110	3	3	3	3	2833	2833	2833	2833	0	0	1416	1416	2833	2833	2833	0	0	2833	2833	1416	1416	1416	1416
185	10272	3	3	3	3	2833	2833	2833	2833	0	0	1416	1416	2833	2833	2833	0	0	2833	2833	1416	1416	1416	1416
186	10440	3	3	3	3	2833	2833	2833	2833	0	0	1416	1416	2833	2833	2833	0	0	2833	2833	1416	1416	1416	1416
187	10605	3	3	3	3	2833	2833	2833	2833	0	0	1416	1416	2833	2833	2833	0	0	2833	2833	1416	1416	1416	1416
188	10770	3	3	3	3	2833	2833	2833	2833	0	0	1416	1416	2833	2833	2833	0	0	2833	2833	1416	1416	1416	1416
189	10992	3	3	3	3	2833	2833	2833	2833	0	0	1416	1416	2833	2833	2833	0	0	2833	2833	1416	1416	1416	1416
190	11157	3	3	3	3	2833	2833	2833	2833	0	0	1416	1416	2833	2833	2833	0	0	2833	2833	1416	1416	1416	1416
191	11325	3	3	3	3	2833	2833	2833	2833	0	0	1416	1416	2833	2833	2833	0	0	2833	2833	1416	1416	1416	1416
192	11493	3	3	3	3	2833	2833	2833	2833	0	0	1416	1416	2833	2833	2833	0	0	2833	2833	1416	1416	1416	1416
193	11661	3	3	3	3	2833	2833	2833	2833	0	0	1416	1416	2833	2833	2833	0	0	2833	2833	1416	1416	1416	1416
194	11829	3	3	3	3	2833	2833	2833	2833	0	0	1416	1416	2833	2833	2833	0	0	2833	2833	1416	1416	1416	1416
195	11982	3	3	3	3	2833	2833	2833	2833	0	0	1416	1416	2833	2833	2833	0	0	2833	2833	1416	1416	1416	1416
196	12138	3	3	3	3	2833	2833	2833	2833	0	0	1416	1416	2833	2833	2833	0	0	2833	2833	1416	1416	1416	1416
197	12291	3	3	3	3	2833	2833	2833	2833	0	0	1416	1416	2833	2833	2833	0	0	2833	2833	1416	1416	1416	1416
198	12438	3	3	3	3	2833	2833	2833	2833	0	0	1416	1416	2833	2833	2833	0	0	2833	2833	1416	1416	1416	1416
199	12588	3	3	3	3	2833	2833	2833	2833	0	0	1416	1416	2833	2833	2833	0	0	2833	2833	1416	1416	1416	1416
200	12741	3	3	3	3	2833	2833	2833	2833	0	0	1416	1416	2833	2833	2833	0	0	2833	2833	1416	1416	1416	1416
201	12891	3	3	3	3	2833	2833	2833	2833	0	0	1416	1416	2833	2833	2833	0	0	2833	2833	1416	1416	1416	1416
202	13044	3	3	3	3	2833	2833	2833	2833	0	0	1416	1416	2833	2833	2833	0	0	2833	2833	1416	1416	1416	1416
203	13194	3	3	3	3	2833	2833	2833	2833	0	0	1416	1416	2833	2833	2833	0	0	2833	2833	1416	1416	1416	1416
204	13347	3	3	3	3	2833	2833	2833	2833	0	0	1416	1416	2833	2833	2833	0	0	2833	2833	1416	1416	1416	1416
205	13500	3	3	3	3	2833	2833	2833	2833	0	0	1416	1416	2833	2833	2833	0	0	2833	2833	1416	1416	1416	1416
206	13653	3	3	3	3	2833	2833	2833	2833	0	0	1416	1416	2833	2833	2833	0	0	2833	2833	1416	1416	1416	1416
207	13809	3	3	3	3	2833	2833	2833	2833	0	0	1416	1416	2833	2833	2833	0	0	2833	2833	1416	1416	1416	1416
208	13962	3	3	3	3	2833	2833	2833	2833	0	0	1416	1416	2833	2833	2833	0	0	2833	2833	1416	1416	1416	1416
209	14118	3	3	3	3	2833	2833	2833	2833	0	0	1416	1416	2833	2833	2833	0	0	2833	2833	1416	1416	1416	1416
210	14283	3	3	3	3	2833	2833	2833	2833	0	0	1416	1416	2833	2833	2833	0	0	2833	2833	1416	1416	1416	1416
211	14460	3	3	3	3	2833	2833	2833	2833	0	0	1416	1416	2833	2833	2833	0	0	2833	2833	1416	1416	1416	1416
212	14628	3	3	3	3	2833	2833	2833	2833	0	0	1416	1416	2833	2833	2833	0	0	2833	2833	1416	1416	1416	1416
213	14796	3	3	3	3	2833	2833	2833	2833	0	0	1416	1416	2833	2833	2833	0	0	2833	2833	1416	1416	1416	1416
214	14967	3	3	3	3	2833	2833	2833	2833	0	0	1416	1416	2833	2833	2833	0	0	2833	2833	1416	1416	1416	1416
215	15135	3	3	3	3	2833	2833	2833	2833	0	0	1416	1416	2833	2833	2833	0	0	2833	2833	1416	1416	1416	1416
216	15417	3	3	3	3	2833	2833	2833	2833	0	0	1416	1416	2833	2833	2833	0	0	2833	2833	1416	1416	1416	1416
217	15588	3	3	3	3	2833	2833	2833	2833	0	0	1416	1416	2833	2833	2833	0	0	2833	2833	1416	1416	1416	1416
218	15759	3	3	3	3	2833	2833	2833	2833	0	0	1416	1416	2833	2833	2833	0	0	2833	2833	1416	1416	1416	1416
219	15930	3	3	3	3	2833	2833	2833	2833	0	0	1416	1416	2833	2833	2833	0	0	2833	2833	1416	1416	1416	1416
220	16104	3	3	3	3	2833	2833	2833	2833	0	0	1416	1416	2833	2833	2833	0	0	2833	2833	1416	1416	1416	1416
221	16299	3	3	3	3	2833	2833	2833	2833	0	0	1416	1416	2833	2833	2833	0	0	2833	2833	1416	1416	1416	1416
222	16494	3	3	3	3	2833	2833	2833	2833	0	0	1416	1416	2833	2833	2833	0	0	2833	2833	1416	1416	1416	1416
223	16689	3	3	3	3	2833	2833	2833	2833	0	0	1416	1416	2833	2833	2833	0	0	2833	2833	1416	1416	1416	1416
224	16944	3	3	3	3	2833	2833	2833	2833	0	0	1416	1416	2833	2833	2833	0	0	2833	2833	1416	1416	1416	1416
225	17151	3	3	3	3	2833	2833	2833	2833	0	0	1416	1416	2833	2833	2833	0	0	2833	2833	1416	1416	1416	1416
226	17361	3	3	3	3	2833	2833	2833	2833	0	0	1416	1416	2833	2833	2833	0	0	2833	2833	1416	1416	1416	1416
227	17574	3	3	3	3	2833	2833	2833	2833	0	0	1416	1416	2833	2833	2833	0	0	2833	2833	1416	1416	1416	1416
228	17784	3	3	3	3	2833	2833	2833	2833	0	0	1416	1416	2833	2833	2833	0	0	2833	2833	1416	1416	1416	1416
229	17997	3	3	3	3	2833	2833	2833	2833	0	0	1416	1416	2833	2833	2833	0	0	2833	2833	1416	1416	1416	1416
230	18207	3	3	3	3	2833	2833	2833	2833	0	0	1416	1416	2833	2833	2833	0	0	2833	2833	1416	1416	1416	1416
231	18963	3	3	3	3	2833	2833	2833	2833	0	0	1416	1416	2833	2833	2833	0	0	2833	2833	1416	1416	1416	1416
232	19173	3	3	3	3	2833	2833	2833	2833	0	0	1416	1416	2833	2833	2833	0	0	2833	2833	1416	1416	1416	1416
233	19386	3	3	3	3	2833	2833	2833	2833	0	0	1416	1416	2833	2833	2833	0	0	2833	2833	1416	1416	1416	1416
234	19599	3	3	3	3	2833	2833	2833	2833	0	0	1416	1416	2833	2833	2833	0	0	2833	2833	1416	1416	1416	1416
235	19812	3	3	3	3	2833	2833	2833	2833	0	0	1416	1416	2833	2833	2833	0	0	2833	2833	1416	1416	1416	1416
236	20028	3	3	3	3	2833	2833	2833	2833	0	0	1416	1416	2833	2833	2833	0	0	2833	2833	1416	1416	1416	1416
237	20256	3	3	3	3	2833	2833	2833	2833	0	0	1416	1416	2833	2833	2833	0	0	2833	2833	1416	1416	1416	1416
238	20472	3	3	3	3	2833	2833	2833	2833	0	0	1416	1416	2833	2833	2833	0	0	2833	2833	1416	1416	1416	1416
239	20688	3	3	3	3	2833	2833	2833	2833	0	0	1416	1416	2833	2833	2833	0	0	2833	2833	1416	1416	1416	1416
240	20880	3	3	3	3	2833	2833	2833	2833	0	0	1416	1416	2833	2833	2833	0	0	2833	2833	1416	1416	1416	1416
241	21159	3	3	3	3	2833	2833	2833	2833	0	0	1416	1416	2833	2833	2833	0	0	2833	2833	1416	1416	1416	1416
242	21357	3	3	3	3	2833	2833	2833	2833	0	0	1416	1416	2833	2833	2833	0	0	2833	2833	1416	1416	1416	1416
243	21552	3	3	3	3	2833	2833	2833	2833	0	0	1416	1416	2833	2833	2833	0	0	2833	2833	1416	1416	1416	1416
244	21747	3	3	3	3	2833	2833	2833	2833	0	0	1416	1416	2833	2833	2833	0	0	2833	2833	1416	1416	1416	1416
245	21942	3	3	3	3	2833	2833	2833	2833	0	0	1416	1416	2833	2833	2833	0	0	2833	2833	1416	1416	1416	1416
246	22140	3	3	3	3	2833	2833	2833	2833	0	0	1416	1416	2833	2833	2833	0	0	2833	2833	1416	1416	1416	1416
247	22335	3	3	3	3	2833	2833	2833	2833	0	0	1416	1416	2833	2833	2833	0	0	2833	2833	1416	1416	1416	1416
248	22533	3	3	3	3	2833	2833	2833	2833	0	0	1416	1416	2833	2833	2833	0	0	2833	2833	1416	1416	1416	1416
249	22734	3	3	3	3	2833	2833	2833	2833	0	0	1416	1416	2833	2833	2833	0	0	2833	2833	1416	1416	1416	1416
250	22932	3	3	3	3	2833	2833	2833	2833	0	0	1416	1416	2833	2833	2833	0	0	2833	2833	1416	1416	1416	1416
251	23133	3	3	3	3	2833	2833	2833	2833	0	0	1416	1416	2833	2833	2833	0	0	2833	2833	1416	1416	1416	1416
252	23334	3	3	3	3	2833	2833	2833	2833	0	0	1416	1416	2833	2833	2833	0	0	2833	2833	1416	1416	1416	1416
253	23592	3	3	3	3	2833	2833	2833	2833	0	0	1416	1416	2833	2833	2833	0	0	2833	2833	1416	1416	1416	1416
254	23793	3	3	3	3	2833	2833	2833	2833	0	0	1416	1416	2833	2833	2833	0	0	2833	2833	1416	1416	1416	1416
255	23997	3	3	3	3	2833	2833	2833	2833	0	0	1416	1416	2833	2833	2833	0	0	2833	2833	1416	1416	1416	1416
256	24198	3	3	3	3	2833	2833	2833	2833	0	0	1416	1416	2833	2833	2833	0	0	2833	2833	1416	1416	1416	1416
257	24402	3	3	3	3	2833	2833	2833	2833	0	0	1416	1416	2833	2833	2833	0	0	2833	2833	1416	1416	1416	1416
258	24606	3	3	3	3	2833	2833	2833	2833	0	0	1416	1416	2833	2833	2833	0	0	2833	2833	1416	1416	1416	1416
259	24810	3	3	3	3	2833	2833	2833	2833	0	0	1416	1416	2833	2833	2833	0	0	2833	2833	1416	1416	1416	1416
260	25014	3	3	3	3	2833	2833	2833	2833	0	0	1416	1416	2833	2833	2833	0	0	2833	2833	1416	1416	1416	1416
261	25239	3	3	3	3	2833	2833	2833	2833	0	0	1416	1416	2833	2833	2833	0	0	2833	2833	1416	1416	1416	1416
262	25446	3	3	3	3	2833	2833	2833	2833	0	0	1416	1416	2833	2833	2833	0	0	2833	2833	1416	1416	1416	1416
263	25653	3	3	3	3	2833	2833	2833	2833	0	0	1416	1416	2833	2833	2833	0	0	2833	2833	1416	1416	1416	1416
264	25905	3	3	3	3	2833	2833	2833	2833	0	0	1416	1416	2833	2833	2833	0	0	2833	2833	1416	1416	1416	1416
265	26172	3	3	3	3	2833	2833	2833	2833	0	0	1416	1416	2833	2833	2833	0	0	2833	2833	1416	1416	1416	1416
266	26439	3	3	3	3	2833	2833	2833	2833	0	0	1416	1416	2833	2833	2833	0	0	2833	2833	1416	1416	1416	1416
267	26709	3	3	3	3	2833	2833	2833	2833	0	0	1416	1416	2833	2833	2833	0	0	2833	2833	1416	1416	1416	1416
268	26976	3	3	3	3	2833	2833	2833	2833	0	0	1416	1416	2833	2833	2833	0	0	2833	2833	1416	1416	1416	1416
269	27246	3	3	3	3	2833	2833	2833	2833	0	0	1416	1416	2833	2833	2833	0	0	2833	2833	1416	1416	1416	1416
270	27516	3	3	3	3	2833	2833	2833	2833	0	0	1416	1416	2833	2833	2833	0	0	2833	2833	1416	1416	1416	1416
271	27789	3	3	3	3	2833	2833	2833	2833	0	0	1416	1416	2833	2833	2833	0	0	2833	2833	1416	1416	1416	1416
272	28059	3	3	3	3	2833	2833	2833	2833	0	0	1416	1416	2833	2833	2833	0	0	2833	2833	1416	1416	1416	1416
273	28332	3	3	3	3	2833	2833	2833	2833	0	0	1416	1416	2833	2833	2833	0	0	2833	2833	1416	1416	1416	1416
274	28608	3	3	3	3	2833	2833	2833	2833	0	0	1416	1416	2833	2833	2833	0	0	2833	2833	1416	1416	1416	1416
275	28881	3	3	3	3	2833	2833	2833	2833	0	0	1416	1416	2833	2833	2833	0	0	2833	2833	1416	1416	1416	1416
276	29157	3	3	3	3	2833	2833	2833	2833	0	0	1416	1416	2833	2833	2833	0	0	2833	2833	1416	1416	1416	1416
277	29433	3	3	3	3	2833	2833	2833	2833	0	0	1416	1416	2833	2833	2833	0	0	2833	2833	1416	1416	1416	1416
278	29709	3	3	3	3	2833	2833	2833	2833	0	0	1416	1416	2833	2833	2833	0	0	2833	2833	1416	1416	1416	1416
279	30042	3	3	3	3	2833	2833	2833	2833	0	0	1416	1416	2833	2833	2833	0	0	2833	2833	1416	1416	1416	1416
280	30321	3	3	3	3	2833	2833	2833	2833	0	0	1416	1416	2833	2833	2833	0	0	2833	2833	1416	1416	1416	1416
281	30627	3	3	3	3	2833	2833	2833	2833	0	0	1416	1416	2833	2833	2833	0	0	2833	2833	1416	1416	1416	1416
282	30933	3	3	3	3	2833	2833	2833	2833	0	0	1416	1416	2833	2833	2833	0	0	2833	2833	1416	1416	1416	1416
283	31239	3	3	3	3	2833	2833	2833	2833	0	0	1416	1416	2833	2833	2833	0	0	2833	2833	1416	1416	1416	1416
284	31545	3	3	3	3	2833	2833	2833	2833	0	0	1416	1416	2833	2833	2833	0	0	2833	2833	1416	1416	1416	1416
285	31854	3	3	3	3	2833	2833	2833	2833	0	0	1416	1416	2833	2833	2833	0	0	2833	2833	1416	1416	1416	1416
286	32163	3	3	3	3	2833	2833	2833	2833	0	0	1416	1416	2833	2833	2833	0	0	2833	2833	1416	1416	1416	1416
287	32475	3	3	3	3	2833	2833	2833	2833	0	0	1416	1416	2833	2833	2833	0	0	2833	2833	1416	1416	1416	1416
288	33015	3	3	3	3	2833	2833	2833	2833	0	0	1416	1416	2833	2833	2833	0	0	2833	2833	1416	1416	1416	1416
289	33351	3	3	3	3	2833	2833	2833	2833	0	0	1416	1416	2833	2833	2833	0	0	2833	2833	1416	1416	1416	1416
290	33690	3	3	3	3	2833	2833	2833	2833	0	0	1416	1416	2833	2833	2833	0	0	2833	2833	1416	1416	1416	1416
291	34062	3	3	3	3	2833	2833	2833	2833	0	0	1416	1416	2833	2833	2833	0	0	2833	2833	1416	1416	1416	1416
292	34404	3	3	3	3	2833	2833	2833	2833	0	0	1416	1416	2833	2833	2833	0	0	2833	2833	1416	1416	1416	1416
293	34746	3	3	3	3	2833	2833	2833	2833	0	0	1416	1416	2833	2833	2833	0	0	2833	2833	1416	1416	1416	1416
294	35739	3	3	3	3	2833	2833	2833	2833	0	0	1416	1416	2833	2833	2833	0	0	2833	2833	1416	1416	1416	1416
295	36084	3	3	3	3	2833	2833	2833	2833	0	0	1416	1416	2833	2833	2833	0	0	2833	2833	1416	1416	1416	1416
296	36429	3	3	3	3	2833	2833	2833	2833	0	0	1416	1416	2833	2833	2833	0	0	2833	2833	1416	1416	1416	1416
297	36777	3	3	3	3	2833	2833	2833	2833	0	0	1416	1416	2833	2833	2833	0	0	2833	2833	1416	1416	1416	1416
298	37125	3	3	3	3	2833	2833	2833	2833	0	0	1416	1416	2833	2833	2833	0	0	2833	2833	1416	1416	1416	1416
299	37473	3	3	3	3	2833	2833	2833	2833	0	0	1416	1416	2833	2833	2833	0	0	2833	2833	1416	1416	1416	1416
300	37824	3	3	3	3	2833	2833	2833	2833	0	0	1416	1416	2833	2833	2833	0	0	2833	2833	1416	1416	1416	1416
301	38259	3	3	3	3	2833	2833	2833	2833	0	0	1416	1416	2833	2833	2833	0	0	2833	2833	1416	1416	1416	1416
302	38667	3	3	3	3	2833	2833	2833	2833	0	0	1416	1416	2833	2833	2833	0	0	2833	2833	1416	1416	1416	1416
303	39021	3	3	3	3	2833	2833	2833	2833	0	0	1416	1416	2833	2833	2833	0	0	2833	2833	1416	1416	1416	1416
304	39375	3	3	3	3	2833	2833	2833	2833	0	0	1416	1416	2833	2833	2833	0	0	2833	2833	1416	1416	1416	1416
305	39735	3	3	3	3	2833	2833	2833	2833	0	0	1416	1416	2833	2833	2833	0	0	2833	2833	1416	1416	1416	1416
306	40098	3	3	3	3	2833	2833	2833	2833	0	0	1416	1416	2833	2833	2833	0	0	2833	2833	1416	1416	1416	1416
307	40458	3	3	3	3	2833	2833	2833	2833	0	0	1416	1416	2833	2833	2833	0	0	2833	2833	1416	1416	1416	1416
308	40824	3	3	3	3	2833	2833	2833	2833	0	0	1416	1416	2833	2833	2833	0	0	2833	2833	1416	1416	1416	1416
309	41187	3	3	3	3	2833	2833	2833	2833	0	0	1416	1416	2833	2833	2833	0	0	2833	2833	1416	1416	1416	1416
310	41553	3	3	3	3	2833	2833	2833	2833	0	0	1416	1416	2833	2833	2833	0	0	2833	2833	1416	1416	1416	1416
311	41919	3	3	3	3	2833	2833	2833	2833	0	0	1416	1416	2833	2833	2833	0	0	2833	2833	1416	1416	1416	1416
312	42300	3	3	3	3	2833	2833	2833	2833	0	0	1416	1416	2833	2833	2833	0	0	2833	2833	1416	1416	1416	1416
313	42702	3	3	3	3	2833	2833	2833	2833	0	0	1416	1416	2833	2833	2833	0	0	2833	2833	1416	1416	1416	1416
314	43104	3	3	3	3	2833	2833	2833	2833	0	0	1416	1416	2833	2833	2833	0	0	2833	2833	1416	1416	1416	1416
315	43506	3	3	3	3	2833	2833	2833	2833	0	0	1416	1416	2833	2833	2833	0	0	2833	2833	1416	1416	1416	1416
316	43911	3	3	3	3	2833	2833	2833	2833	0	0	1416	1416	2833	2833	2833	0	0	2833	2833	1416	1416	1416	1416
317	44316	3	3	3	3	2833	2833	2833	2833	0	0	1416	1416	2833	2833	2833	0	0	2833	2833	1416	1416	1416	1416
318	44724	3	3	3	3	2833	2833	2833	2833	0	0	1416	1416	2833	2833	2833	0	0	2833	2833	1416	1416	1416	1416
319	45132	3	3	3	3	2833	2833	2833	2833	0	0	1416	1416	2833	2833	2833	0	0	2833	2833	1416	1416	1416	1416
320	45540	3	3	3	3	2833	2833	2833	2833	0	0	1416	1416	2833	2833	2833	0	0	2833	2833	1416	1416	1416	1416
321	45966	3	3	3	3	2833	2833	2833	2833	0	0	1416	1416	2833	2833	2833	0	0	2833	2833	1416	1416	1416	1416
322	46392	3	3	3	3	2833	2833	2833	2833	0	0	1416	1416	2833	2833	2833	0	0	2833	2833	1416	1416	1416	1416
323	46818	3	3	3	3	2833	2833	2833	2833	0	0	1416	1416	2833	2833	2833	0	0	2833	2833	1416	1416	1416	1416
324	47301	3	3	3	3	2833	2833	2833	2833	0	0	1416	1416	2833	2833	2833	0	0	2833	2833	1416	1416	1416	1416
325	47733	3	3	3	3	2833	2833	2833	2833	0	0	1416	1416	2833	2833	2833	0	0	2833	2833	1416	1416	1416	1416
326	48162	3	3	3	3	2833	2833	2833	2833	0	0	1416	1416	2833	2833	2833	0	0	2833	2833	1416	1416	1416	1416
327	48594	3	3	3	3	2833	2833	2833	2833	0	0	1416	1416	2833	2833	2833	0	0	2833	2833	1416	1416	1416	1416
328	49086	3	3	3	3	2833	2833	2833	2833	0	0	1416	1416	2833	2833	2833	0	0	2833	2833	1416	1416	1416	1416
329	49521	3	3	3	3	2833	2833	2833	2833	0	0	1416	1416	2833	2833	2833	0	0	2833	2833	1416	1416	1416	1416
330	49959	3	3	3	3	2833	2833	2833	2833	0	0	1416	1416	2833	2833	2833	0	0	2833	2833	1416	1416	1416	1416
331	50397	3	3	3	3	2833	2833	2833	2833	0	0	1416	1416	2833	2833	2833	0	0	2833	2833	1416	1416	1416	1416
332	50838	3	3	3	3	2833	2833	2833	2833	0	0	1416	1416	2833	2833	2833	0	0	2833	2833	1416	1416	1416	1416
333	51279	3	3	3	3	2833	2833	2833	2833	0	0	1416	1416	2833	2833	2833	0	0	2833	2833	1416	1416	1416	1416
334	51723	3	3	3	3	2833	2833	2833	2833	0	0	1416	1416	2833	2833	2833	0	0	2833	2833	1416	1416	1416	1416
335	52167	3	3	3	3	2833	2833	2833	2833	0	0	1416	1416	2833	2833	2833	0	0	2833	2833	1416	1416	1416	1416
336	52617	3	3	3	3	2833	2833	2833	2833	0	0	1416	1416	2833	2833	2833	0	0	2833	2833	1416	1416	1416	1416
337	53097	3	3	3	3	2833	2833	2833	2833	0	0	1416	1416	2833	2833	2833	0	0	2833	2833	1416	1416	1416	1416
338	53580	3	3	3	3	2833	2833	2833	2833	0	0	1416	1416	2833	2833	2833	0	0	2833	2833	1416	1416	1416	1416
339	54060	3	3	3	3	2833	2833	2833	2833	0	0	1416	1416	2833	2833	2833	0	0	2833	2833	1416	1416	1416	1416
340	54546	3	3	3	3	2833	2833	2833	2833	0	0	1416	1416	2833	2833	2833	0	0	2833	2833	1416	1416	1416	1416
341	55044	3	3	3	3	2833	2833	2833	2833	0	0	1416	1416	2833	2833	2833	0	0	2833	2833	1416	1416	1416	1416
342	55548	3	3	3	3	2833	2833	2833	2833	0	0	1416	1416	2833	2833	2833	0	0	2833	2833	1416	1416	1416	1416
343	56106	3	3	3	3	2833	2833	2833	2833	0	0	1416	1416	2833	2833	2833	0	0	2833	2833	1416	1416	1416	1416
344	56610	3	3	3	3	2833	2833	2833	2833	0	0	1416	1416	2833	2833	2833	0	0	2833	2833	1416	1416	1416	1416
345	57114	3	3	3	3	2833	2833	2833	2833	0	0	1416	1416	2833	2833	2833	0	0	2833	2833	1416	1416	1416	1416
346	57621	3	3	3	3	2833	2833	2833	2833	0	0	1416	1416	2833	2833	2833	0	0	2833	2833	1416	1416	1416	1416
347	58131	3	3	3	3	2833	2833	2833	2833	0	0	1416	1416	2833	2833	2833	0	0	2833	2833	1416	1416	1416	1416
348	58641	3	3	3	3	2833	2833	2833	2833	0	0	1416	1416	2833	2833	2833	0	0	2833	2833	1416	1416	1416	1416
349	59154	3	3	3	3	2833	2833	2833	2833	0	0	1416	1416	2833	2833	2833	0	0	2833	2833	1416	1416	1416	1416
350	59667	3	3	3	3	2833	2833	2833	2833	0	0	1416	1416	2833	2833	2833	0	0	2833	2833	1416	1416	1416	1416
351	60183	3	3	3	3	2833	2833	2833	2833	0	0	1416	1416	2833	2833	2833	0	0	2833	2833	1416	1416	1416	1416
352	60699	3	3	3	3	2833	2833	2833	2833	0	0	1416	1416	2833	2833	2833	0	0	2833	2833	1416	1416	1416	1416
353	61218	3	3	3	3	2833	2833	2833	2833	0	0	1416	1416	2833	2833	2833	0	0	2833	2833	1416	1416	1416	1416
354	61737	3	3	3	3	2833	2833	2833	2833	0	0	1416	1416	2833	2833	2833	0	0	2833	2833	1416	1416	1416	1416
355	62259	3	3	3	3	2833	2833	2833	2833	0	0	1416	1416	2833	2833	2833	0	0	2833	2833	1416	1416	1416	1416
356	62781	3	3	3	3	2833	2833	2833	2833	0	0	1416	1416	2833	2833	2833	0	0	2833	2833	1416	1416	1416	1416
357	63306	3	3	3	3	2833	2833	2833	2833	0	0	1416	1416	2833	2833	2833	0	0	2833	2833	1416	1416	1416	1416
358	63834	3	3	3	3	2833	2833	2833	2833	0	0	1416	1416	2833	2833	2833	0	0	2833	2833	1416	1416	1416	1416
359	64362	3	3	3	3	2833	2833	2833	2833	0	0	1416	1416	2833	2833	2833	0	0	2833	2833	1416	1416	1416	1416
360	65238	3	3	3	3	2833	2833	2833	2833	0	0	1416	1416	2833	2833	2833	0	0	2833	2833	1416	1416	1416	1416
