关卡id	挑战本关需求杀怪	手动杀怪掉落ID	功能开启	新手引导标示	是否可退出/暂停	首通奖励	掉落预览	战斗背景	战斗阵型	挂机阵型	挂机掉落经验	挂机掉落金币	挂机掉落英雄经验	挂机掉落突破石
id	killLimit	killLoot	moduleOpen	guideIndex	enableBreak	first	firstPreview	battlebg	fightFormation	onHookFormation	singleExp	singleGold	singleHeroExp	singleTranscendStone
Int	Int	Int	String	Int	Int	Award	Award	Int	Int	Ints	Int	Int	Int	Int
1	0	10001	0	0	0	user.xp:100,user.gold:1000,user.hero_exp:300		1	1000001	1000001|1000002	60	240	25	0.2002
2	1	10002	0	1	0	user.xp:100,user.gold:1000,user.hero_exp:300		1	1000002	1000001|1000002	61	241	27	0.2004
3	2	10003	0	3	0	equip.10101.0:1,user.xp:100,user.gold:1000,user.hero_exp:300		1	1000003	1000001|1000002	62	242	29	0.2006
4	3	10004	0	2	1	user.xp:100,user.gold:1000,user.hero_exp:400	equip10002:1	1	1000004	1000001|1000002	63	243	31	0.2008
5	4	10005	0	0	1	user.xp:100,user.gold:1000,user.hero_exp:500		1	1000005	1000001|1000002	64	244	33	0.2011
6	5	10006	0	0	1	material.399999:1,dragon.1001:1,equip.20101.0:1,user.xp:100,user.gold:1000,user.hero_exp:700		1	1000006	1000001|1000002	64	244	35	0.2013
7	6	10007	0	4	1	user.xp:100,user.gold:1000,user.hero_exp:700		1	1000007	1000001|1000002	65	245	38	0.2015
8	7	10008	0	0	1	user.xp:100,user.gold:1000,user.hero_exp:800		1	1000008	1000001|1000002	66	246	40	0.2018
9	8	10009	0	0	1	equip.30101.0:1,user.xp:100,user.gold:1000,user.hero_exp:900		1	1000009	1000001|1000002	67	247	42	0.202
10	9	10010	0	0	1	user.xp:100,user.gold:1000,user.hero_exp:1000		1	1000010	1000001|1000002	68	248	44	0.2022
11	10	10011	0	0	1	user.xp:100,user.gold:1000,user.hero_exp:1200		1	1000011	1000001|1000002	69	249	46	0.2025
12	10	10012	0	0	1	equip.40101.0:1,user.xp:100,user.gold:1000,user.hero_exp:1300	equip10002:1	1	1000012	1000001|1000002	69	249	48	0.2027
13	10	10013	territorywar	16	1	user.xp:100,user.gold:1000,user.hero_exp:1300		1	1000013	1000001|1000002	70	250	50	0.2029
14	10	10014	0	0	1	user.xp:100,user.gold:1000,user.hero_exp:1500		1	1000014	1000001|1000002	71	251	52	0.2032
15	10	10015	0	0	1	equip.50101.0:1,user.xp:100,user.gold:1000,user.hero_exp:1600		1	1000015	1000001|1000002	72	252	54	0.2034
16	10	10016	0	0	1	user.xp:100,user.gold:2000,user.hero_exp:1800		1	1000016	1000001|1000002	73	253	56	0.2036
17	10	10017	0	0	1	user.xp:100,user.gold:2000,user.hero_exp:2000		1	1000017	1000001|1000002	74	254	58	0.2039
18	10	10018	0	0	1	equip.60101.0:1,user.xp:200,user.gold:2000,user.hero_exp:2100		1	1000018	1000001|1000002	74	254	60	0.2041
19	10	10019	0	0	1	user.xp:200,user.gold:2000,user.hero_exp:2100		2	1000019	1000001|1000002	75	255	63	0.2044
20	10	10020	0	0	1	user.xp:200,user.gold:2000,user.hero_exp:2300		2	1000020	1000001|1000002	76	256	65	0.2046
21	10	10021	0	0	1	material.940:2,user.xp:200,user.gold:2000,user.hero_exp:2500		2	1000021	1000001|1000002	77	257	67	0.2048
22	10	10022	0	0	1	user.xp:200,user.gold:2000,user.hero_exp:2700		2	1000022	1000001|1000002	78	258	69	0.2051
23	10	10023	0	0	1	user.xp:200,user.gold:2000,user.hero_exp:2900	equip10002:1	2	1000023	1000001|1000002	79	259	71	0.2053
24	10	10024	arena	0	1	material.940:2,user.atoken:10,user.xp:200,user.gold:2000,user.hero_exp:3100		2	1000024	1000001|1000002	80	260	73	0.2056
25	10	10025	0	11	1	user.xp:200,user.gold:2000,user.hero_exp:3100		2	1000025	1000001|1000002	81	261	76	0.2058
26	10	10026	0	0	1	user.xp:200,user.gold:2000,user.hero_exp:3300		2	1000026	1000001|1000002	82	262	78	0.2061
27	10	10027	0	17	1	material.940:2,user.xp:200,user.gold:3000,user.hero_exp:3500		2	1000027	1000001|1000002	82	262	80	0.2063
28	10	10028	0	0	1	user.xp:200,user.gold:3000,user.hero_exp:3700		2	1000028	1000001|1000002	83	263	82	0.2066
29	10	10029	0	0	1	user.xp:300,user.gold:3000,user.hero_exp:4000		2	1000029	1000001|1000002	84	264	84	0.2068
30	10	10030	0	0	1	material.940:2,user.xp:300,user.gold:3000,user.hero_exp:4200		2	1000030	1000001|1000002	85	265	87	0.2071
31	10	10031	0	0	1	user.xp:300,user.gold:3000,user.hero_exp:4400		2	1000031	1000001|1000002	86	266	89	0.2073
32	10	10032	0	0	1	user.xp:300,user.gold:3000,user.hero_exp:4700		2	1000032	1000001|1000002	87	267	91	0.2076
33	10	10033	0	0	1	material.940:2,user.xp:300,user.gold:3000,user.hero_exp:4900		2	1000033	1000001|1000002	88	268	93	0.2078
34	10	10034	0	0	1	user.xp:300,user.gold:3000,user.hero_exp:5200		3	1000034	1000001|1000002	89	269	96	0.2081
35	10	10035	0	0	1	user.xp:300,user.gold:3000,user.hero_exp:5200	equip10002:1	3	1000035	1000001|1000002	90	270	98	0.2083
36	10	10036	0	0	1	material.940:2,user.xp:300,user.gold:3000,user.hero_exp:5200		3	1000036	1000001|1000002	91	271	100	0.2086
37	10	10037	0	0	1	user.xp:300,user.gold:3000,user.hero_exp:5200		3	1000037	1000001|1000002	92	272	103	0.2088
38	10	10038	0	0	1	user.xp:300,user.gold:3000,user.hero_exp:5200		3	1000038	1000001|1000002	92	272	105	0.2091
39	10	10039	0	18	1	material.940:2,user.xp:300,user.gold:3000,user.hero_exp:5200		3	1000039	1000001|1000002	93	273	107	0.2094
40	10	10040	0	0	1	user.xp:300,user.gold:3000,user.hero_exp:5200		3	1000040	1000001|1000002	94	274	109	0.2096
41	10	10041	0	0	1	user.xp:300,user.gold:3000,user.hero_exp:5200		3	1000041	1000001|1000002	95	275	112	0.2099
42	10	10042	0	0	1	material.940:2,user.xp:300,user.gold:3000,user.hero_exp:5200		3	1000042	1000001|1000002	96	276	114	0.2102
43	10	10043	0	0	1	user.xp:300,user.gold:3000,user.hero_exp:5200		3	1000043	1000001|1000002	97	277	116	0.2104
44	10	10044	0	0	1	user.xp:300,user.gold:3000,user.hero_exp:5200		3	1000044	1000001|1000002	98	278	119	0.2107
45	10	10045	0	0	1	material.940:4,user.xp:300,user.gold:3000,user.hero_exp:5200		3	1000045	1000001|1000002	99	279	121	0.211
46	10	10046	0	0	1	user.xp:300,user.gold:3000,user.hero_exp:5200		4	1000046	1000001|1000002	100	280	124	0.2112
47	10	10047	0	0	1	user.xp:300,user.gold:3000,user.hero_exp:5200		4	1000047	1000001|1000002	101	281	126	0.2115
48	10	10048	0	0	1	material.1:20,user.xp:300,user.gold:3000,user.hero_exp:5200		4	1000048	1000001|1000002	102	282	128	0.2118
49	10	10049	0	0	1	user.xp:300,user.gold:3000,user.hero_exp:5200		4	1000049	1000001|1000002	103	283	131	0.212
50	10	10050	0	0	1	user.xp:300,user.gold:3000,user.hero_exp:5200		4	1000050	1000001|1000002	104	284	133	0.2123
51	10	10051	arena2	0	1	equip.10101.0:1,equip.20101.0:1,user.xp:300,user.gold:3000,user.hero_exp:5200		4	1000051	1000001|1000002	105	285	136	0.2126
52	10	10052	0	0	1	user.xp:300,user.gold:3000,user.hero_exp:5200		4	1000052	1000001|1000002	106	286	138	0.2128
53	10	10053	0	0	1	user.xp:300,user.gold:3000,user.hero_exp:5200		4	1000053	1000001|1000002	107	287	140	0.2131
54	10	10054	0	0	1	equip.30101.0:1,equip.40101.0:1,user.xp:300,user.gold:3000,user.hero_exp:5200		4	1000054	1000001|1000002	108	288	143	0.2134
55	10	10055	0	0	1	user.xp:300,user.gold:3000,user.hero_exp:5200		4	1000055	1000001|1000002	109	289	145	0.2137
56	10	10056	0	0	1	user.xp:300,user.gold:3000,user.hero_exp:5200	equip10002:1	4	1000056	1000001|1000002	110	290	148	0.2139
57	10	10057	0	0	1	equip.50101.0:1,equip.60101.0:1,user.xp:300,user.gold:3000,user.hero_exp:5200		4	1000057	1000001|1000002	111	291	150	0.2142
58	10	10058	0	19	1	user.xp:300,user.gold:3000,user.hero_exp:5200		4	1000058	1000001|1000002	112	292	153	0.2145
59	10	10059	0	0	1	user.xp:300,user.gold:3000,user.hero_exp:5200		4	1000059	1000001|1000002	113	293	155	0.2148
60	10	10060	0	0	1	material.1:20,user.xp:300,user.gold:3000,user.hero_exp:5200		4	1000060	1000001|1000002	114	294	158	0.2151
61	10	10061	0	0	1	user.xp:300,user.gold:3000,user.hero_exp:5200		3	1000061	1000001|1000002	115	295	160	0.2153
62	10	10062	0	0	1	user.xp:600,user.gold:6000,user.hero_exp:10300		3	1000062	1000001|1000002	116	296	163	0.2156
63	10	10063	0	0	1	material.940:2,user.xp:600,user.gold:6000,user.hero_exp:10300		3	1000063	1000001|1000002	117	297	165	0.2159
64	10	10064	0	0	1	user.xp:600,user.gold:6000,user.hero_exp:10300		3	1000064	1000001|1000002	118	298	168	0.2162
65	10	10065	0	0	1	user.xp:600,user.gold:6000,user.hero_exp:10300		3	1000065	1000001|1000002	119	299	170	0.2165
66	10	10066	0	0	1	material.940:2,user.xp:600,user.gold:6000,user.hero_exp:10300		3	1000066	1000001|1000002	120	300	173	0.2168
67	10	10067	0	0	1	user.xp:600,user.gold:6000,user.hero_exp:10300		3	1000067	1000001|1000002	121	301	175	0.2171
68	10	10068	0	0	1	user.xp:600,user.gold:6000,user.hero_exp:10300		3	1000068	1000001|1000002	122	302	178	0.2173
69	10	10069	0	0	1	material.940:2,user.xp:600,user.gold:6000,user.hero_exp:10300		3	1000069	1000001|1000002	123	303	181	0.2176
70	10	10070	0	0	1	user.xp:600,user.gold:6000,user.hero_exp:10300		3	1000070	1000001|1000002	124	304	183	0.2179
71	10	10071	0	0	1	user.xp:600,user.gold:6000,user.hero_exp:10300		3	1000071	1000001|1000002	125	305	186	0.2182
72	10	10072	0	0	1	material.940:2,user.xp:600,user.gold:6000,user.hero_exp:10300		3	1000072	1000001|1000002	126	306	188	0.2185
73	10	10073	0	0	1	user.xp:600,user.gold:6000,user.hero_exp:10300		5	1000073	1000001|1000002	127	307	191	0.2188
74	10	10074	0	0	1	user.xp:600,user.gold:6000,user.hero_exp:10300		5	1000074	1000001|1000002	128	308	194	0.2191
75	10	10075	0	0	1	material.940:2,user.xp:600,user.gold:6000,user.hero_exp:10300		5	1000075	1000001|1000002	130	310	196	0.2194
76	10	10076	0	20	1	user.xp:600,user.gold:6000,user.hero_exp:10300		5	1000076	1000001|1000002	131	311	199	0.2197
77	10	10077	0	0	1	user.xp:600,user.gold:6000,user.hero_exp:10300	equip10002:1	5	1000077	1000001|1000002	132	312	201	0.22
78	10	10078	0	0	1	material.940:2,user.xp:600,user.gold:6000,user.hero_exp:10300		5	1000078	1000001|1000002	133	313	204	0.2203
79	10	10079	0	0	1	user.xp:600,user.gold:6000,user.hero_exp:10300		5	1000079	1000001|1000002	134	314	207	0.2206
80	10	10080	0	0	1	user.xp:600,user.gold:6000,user.hero_exp:10300		5	1000080	1000001|1000002	135	315	209	0.2209
81	10	10081	0	0	1	material.940:2,user.xp:600,user.gold:6000,user.hero_exp:10300		5	1000081	1000001|1000002	136	316	212	0.2212
82	10	10082	0	0	1	user.xp:600,user.gold:6000,user.hero_exp:10300		5	1000082	1000001|1000002	137	317	215	0.2215
83	10	10083	0	0	1	user.xp:600,user.gold:6000,user.hero_exp:10300		5	1000083	1000001|1000002	138	318	217	0.2218
84	10	10084	0	0	1	material.940:2,user.xp:600,user.gold:6000,user.hero_exp:10300		5	1000084	1000001|1000002	139	319	220	0.2221
85	10	10085	0	0	1	user.xp:600,user.gold:6000,user.hero_exp:10300		5	1000085	1000001|1000002	140	320	223	0.2224
86	10	10086	0	0	1	user.xp:600,user.gold:6000,user.hero_exp:10300		5	1000086	1000001|1000002	141	321	226	0.2227
87	10	10087	0	0	1	material.940:2,user.xp:600,user.gold:6000,user.hero_exp:10300		5	1000087	1000001|1000002	143	323	228	0.223
88	10	10088	0	0	1	user.xp:600,user.gold:6000,user.hero_exp:10300		5	1000088	1000001|1000002	144	324	231	0.2233
89	10	10089	0	0	1	user.xp:600,user.gold:6000,user.hero_exp:10300		5	1000089	1000001|1000002	145	325	234	0.2236
90	10	10090	0	0	1	material.940:2,user.xp:600,user.gold:6000,user.hero_exp:10300		5	1000090	1000001|1000002	146	326	237	0.224
91	10	10091	0	0	1	user.xp:600,user.gold:6000,user.hero_exp:10300		5	1000091	1000001|1000002	147	327	239	0.2243
92	10	10092	0	0	1	user.xp:600,user.gold:6000,user.hero_exp:10300		5	1000092	1000001|1000002	148	328	242	0.2246
93	10	10093	0	0	1	material.950:1,user.xp:600,user.gold:6000,user.hero_exp:10300		5	1000093	1000001|1000002	149	329	245	0.2249
94	10	10094	0	0	1	user.xp:600,user.gold:6000,user.hero_exp:10300		5	1000094	1000001|1000002	150	330	248	0.2252
95	10	10095	0	0	1	user.xp:600,user.gold:6000,user.hero_exp:10300		5	1000095	1000001|1000002	152	332	251	0.2255
96	10	10096	0	0	1	material.950:1,user.xp:600,user.gold:6000,user.hero_exp:10300		5	1000096	1000001|1000002	153	333	253	0.2258
97	10	10097	0	0	1	user.xp:600,user.gold:6000,user.hero_exp:10300		5	1000097	1000001|1000002	154	334	256	0.2262
98	10	10098	0	0	1	user.xp:600,user.gold:6000,user.hero_exp:10300		5	1000098	1000001|1000002	155	335	259	0.2265
99	10	10099	0	0	1	material.950:1,user.xp:600,user.gold:6000,user.hero_exp:10300		5	1000099	1000001|1000002	156	336	262	0.2268
100	10	10100	0	0	1	user.xp:600,user.gold:6000,user.hero_exp:10300		6	1000100	1000001|1000002	157	337	265	0.2271
101	10	10101	0	0	1	user.xp:600,user.gold:6000,user.hero_exp:10300		6	1000101	1000001|1000002	158	338	268	0.2274
102	10	10102	0	0	1	material.950:1,user.xp:600,user.gold:6000,user.hero_exp:10300		6	1000102	1000001|1000002	160	340	270	0.2278
103	10	10103	0	0	1	user.xp:600,user.gold:6000,user.hero_exp:10300		6	1000103	1000001|1000002	161	341	273	0.2281
104	10	10104	0	0	1	user.xp:600,user.gold:6000,user.hero_exp:10300		6	1000104	1000001|1000002	162	342	276	0.2284
105	10	10105	0	0	1	material.950:1,user.xp:600,user.gold:6000,user.hero_exp:10300		6	1000105	1000001|1000002	163	343	279	0.2287
106	10	10106	0	0	1	user.xp:800,user.gold:9000,user.hero_exp:15400		6	1000106	1000001|1000002	164	344	282	0.2291
107	10	10107	0	0	1	user.xp:800,user.gold:9000,user.hero_exp:15400		6	1000107	1000001|1000002	165	345	285	0.2294
108	10	10108	0	0	1	material.950:1,user.xp:800,user.gold:9000,user.hero_exp:15400		6	1000108	1000001|1000002	167	347	288	0.2297
109	10	10109	0	0	1	user.xp:800,user.gold:9000,user.hero_exp:15400		6	1000109	1000001|1000002	168	348	291	0.23
110	10	10110	0	0	1	user.xp:800,user.gold:9000,user.hero_exp:15400		6	1000110	1000001|1000002	169	349	294	0.2304
111	10	10111	0	0	1	material.950:1,user.xp:800,user.gold:9000,user.hero_exp:15400		6	1000111	1000001|1000002	170	350	297	0.2307
112	10	10112	0	0	1	user.xp:800,user.gold:9000,user.hero_exp:15400		6	1000112	1000001|1000002	171	351	300	0.231
113	10	10113	0	0	1	user.xp:800,user.gold:9000,user.hero_exp:15400		6	1000113	1000001|1000002	173	353	302	0.2314
114	10	10114	0	0	1	material.950:1,user.xp:800,user.gold:9000,user.hero_exp:15400		6	1000114	1000001|1000002	174	354	305	0.2317
115	10	10115	0	0	1	user.xp:800,user.gold:9000,user.hero_exp:15400		6	1000115	1000001|1000002	175	355	308	0.232
116	10	10116	0	0	1	user.xp:800,user.gold:9000,user.hero_exp:15400		6	1000116	1000001|1000002	176	356	311	0.2324
117	10	10117	0	0	1	material.950:1,user.xp:800,user.gold:9000,user.hero_exp:15400		6	1000117	1000001|1000002	177	357	314	0.2327
118	10	10118	0	0	1	user.xp:800,user.gold:9000,user.hero_exp:15400		6	1000118	1000001|1000002	179	359	317	0.233
119	10	10119	0	0	1	user.xp:800,user.gold:9000,user.hero_exp:15400		6	1000119	1000001|1000002	180	360	320	0.2334
120	10	10120	0	0	1	material.950:1,user.xp:800,user.gold:9000,user.hero_exp:15400		6	1000120	1000001|1000002	181	361	323	0.2337
121	10	10121	0	0	1	user.xp:800,user.gold:9000,user.hero_exp:15400		6	1000121	1000001|1000002	182	362	326	0.2341
122	10	10122	0	0	1	user.xp:800,user.gold:9000,user.hero_exp:15400		6	1000122	1000001|1000002	184	364	330	0.2344
123	10	10123	0	0	1	material.950:1,user.xp:800,user.gold:9000,user.hero_exp:15400		6	1000123	1000001|1000002	185	365	333	0.2348
124	10	10124	0	0	1	user.xp:800,user.gold:9000,user.hero_exp:15400		6	1000124	1000001|1000002	186	366	336	0.2351
125	10	10125	0	0	1	user.xp:800,user.gold:9000,user.hero_exp:15400		6	1000125	1000001|1000002	187	367	339	0.2354
126	10	10126	0	0	1	material.950:1,user.xp:800,user.gold:9000,user.hero_exp:15400		6	1000126	1000001|1000002	189	369	342	0.2358
127	10	10127	0	0	1	user.xp:800,user.gold:9000,user.hero_exp:15400		6	1000127	1000001|1000002	190	370	345	0.2361
128	10	10128	0	0	1	user.xp:800,user.gold:9000,user.hero_exp:15400		6	1000128	1000001|1000002	191	371	348	0.2365
129	10	10129	0	0	1	material.950:1,user.xp:800,user.gold:9000,user.hero_exp:15400		6	1000129	1000001|1000002	192	372	351	0.2368
130	10	10130	0	0	1	user.xp:800,user.gold:9000,user.hero_exp:15400		6	1000130	1000001|1000002	194	374	354	0.2372
131	10	10131	0	0	1	user.xp:800,user.gold:9000,user.hero_exp:15400		6	1000131	1000001|1000002	195	375	357	0.2375
132	10	10132	0	0	1	material.950:1,user.xp:800,user.gold:9000,user.hero_exp:15400		6	1000132	1000001|1000002	196	376	360	0.2379
133	10	10133	0	0	1	user.xp:800,user.gold:9000,user.hero_exp:15400		1	1000133	1000001|1000002	197	377	364	0.2382
134	10	10134	0	0	1	user.xp:800,user.gold:9000,user.hero_exp:15400		1	1000134	1000001|1000002	199	379	367	0.2386
135	10	10135	0	0	1	material.950:1,user.xp:800,user.gold:9000,user.hero_exp:15400		1	1000135	1000001|1000002	200	380	370	0.239
136	10	10136	0	0	1	user.xp:800,user.gold:9000,user.hero_exp:15400		1	1000136	1000001|1000002	201	381	373	0.2393
137	10	10137	0	0	1	user.xp:800,user.gold:9000,user.hero_exp:15400		1	1000137	1000001|1000002	202	382	376	0.2397
138	10	10138	0	0	1	material.950:1,user.xp:800,user.gold:9000,user.hero_exp:15400		1	1000138	1000001|1000002	204	384	379	0.24
139	10	10139	0	0	1	user.xp:800,user.gold:9000,user.hero_exp:15400		1	1000139	1000001|1000002	205	385	383	0.2404
140	10	10140	0	0	1	user.xp:800,user.gold:9000,user.hero_exp:15400		1	1000140	1000001|1000002	206	386	386	0.2407
141	10	10141	0	0	1	material.950:1,user.xp:800,user.gold:9000,user.hero_exp:15400		1	1000141	1000001|1000002	208	388	389	0.2411
142	10	10142	0	0	1	user.xp:800,user.gold:9000,user.hero_exp:15400		1	1000142	1000001|1000002	209	389	392	0.2415
143	10	10143	0	0	1	user.xp:800,user.gold:9000,user.hero_exp:15400		1	1000143	1000001|1000002	210	390	395	0.2418
144	10	10144	0	0	1	material.950:1,user.xp:800,user.gold:9000,user.hero_exp:15400		1	1000144	1000001|1000002	212	392	399	0.2422
145	10	10145	0	0	1	user.xp:800,user.gold:9000,user.hero_exp:15400		1	1000145	1000001|1000002	213	393	402	0.2426
146	10	10146	0	0	1	user.xp:800,user.gold:9000,user.hero_exp:15400		1	1000146	1000001|1000002	214	394	405	0.2429
147	10	10147	0	0	1	material.950:1,user.xp:800,user.gold:9000,user.hero_exp:15400		1	1000147	1000001|1000002	216	396	408	0.2433
148	10	10148	0	0	1	user.xp:800,user.gold:9000,user.hero_exp:15400		1	1000148	1000001|1000002	217	397	412	0.2437
149	10	10149	0	0	1	user.xp:800,user.gold:9000,user.hero_exp:15400		1	1000149	1000001|1000002	218	398	415	0.244
150	10	10150	elite	0	1	material.950:1,user.xp:1100,user.gold:12000,user.hero_exp:20500		1	1000150	1000001|1000002	220	400	418	0.2444
151	10	10151	0	0	1	user.xp:1100,user.gold:12000,user.hero_exp:20500		1	1000151	1000001|1000002	221	401	421	0.2448
152	10	10152	0	0	1	user.xp:1100,user.gold:12000,user.hero_exp:20500		1	1000152	1000001|1000002	222	402	425	0.2451
153	10	10153	0	0	1	user.bindcash:10,user.xp:1100,user.gold:12000,user.hero_exp:20500		1	1000153	1000001|1000002	224	404	428	0.2455
154	10	10154	0	0	1	user.xp:1100,user.gold:12000,user.hero_exp:20500		1	1000154	1000001|1000002	225	405	431	0.2459
155	10	10155	0	0	1	user.xp:1100,user.gold:12000,user.hero_exp:20500		1	1000155	1000001|1000002	226	406	435	0.2463
156	10	10156	0	0	1	user.bindcash:10,user.xp:1100,user.gold:12000,user.hero_exp:20500		1	1000156	1000001|1000002	228	408	438	0.2466
157	10	10157	0	0	1	user.xp:1100,user.gold:12000,user.hero_exp:20500		1	1000157	1000001|1000002	229	409	441	0.247
158	10	10158	0	0	1	user.xp:1100,user.gold:12000,user.hero_exp:20500		1	1000158	1000001|1000002	230	410	445	0.2474
159	10	10159	0	0	1	user.bindcash:10,user.xp:1100,user.gold:12000,user.hero_exp:20500		1	1000159	1000001|1000002	232	412	448	0.2478
160	10	10160	0	0	1	user.xp:1100,user.gold:12000,user.hero_exp:20500		1	1000160	1000001|1000002	233	413	451	0.2481
161	10	10161	0	0	1	user.xp:1100,user.gold:12000,user.hero_exp:20500		1	1000161	1000001|1000002	234	414	455	0.2485
162	10	10162	0	0	1	user.bindcash:10,user.xp:1100,user.gold:12000,user.hero_exp:20500		1	1000162	1000001|1000002	236	416	458	0.2489
163	10	10163	0	0	1	user.xp:1100,user.gold:12000,user.hero_exp:20500		1	1000163	1000001|1000002	237	417	462	0.2493
164	10	10164	0	0	1	user.xp:1100,user.gold:12000,user.hero_exp:20500		1	1000164	1000001|1000002	239	419	465	0.2497
165	10	10165	0	0	1	user.bindcash:10,user.xp:1100,user.gold:12000,user.hero_exp:20500		1	1000165	1000001|1000002	240	420	468	0.2501
166	10	10166	0	0	1	user.xp:1100,user.gold:12000,user.hero_exp:20500		1	1000166	1000001|1000002	241	421	472	0.2504
167	10	10167	0	0	1	user.xp:1100,user.gold:12000,user.hero_exp:20500		1	1000167	1000001|1000002	243	423	475	0.2508
168	10	10168	0	0	1	user.bindcash:10,user.xp:1100,user.gold:12000,user.hero_exp:20500		1	1000168	1000001|1000002	244	424	479	0.2512
169	10	10169	0	0	1	user.xp:1100,user.gold:12000,user.hero_exp:20500		1	1000169	1000001|1000002	245	425	482	0.2516
170	10	10170	0	0	1	user.xp:1100,user.gold:12000,user.hero_exp:20500		1	1000170	1000001|1000002	247	427	486	0.252
171	10	10171	0	0	1	user.bindcash:10,user.xp:1100,user.gold:12000,user.hero_exp:20500		1	1000171	1000001|1000002	248	428	489	0.2524
172	10	10172	0	0	1	user.xp:1100,user.gold:12000,user.hero_exp:20500		1	1000172	1000001|1000002	250	430	493	0.2528
173	10	10173	0	0	1	user.xp:1100,user.gold:12000,user.hero_exp:20500		1	1000173	1000001|1000002	251	431	496	0.2532
174	10	10174	0	0	1	user.bindcash:10,user.xp:1100,user.gold:12000,user.hero_exp:20500		1	1000174	1000001|1000002	253	433	500	0.2536
175	10	10175	0	0	1	user.xp:1100,user.gold:12000,user.hero_exp:20500		1	1000175	1000001|1000002	254	434	503	0.254
176	10	10176	0	0	1	user.xp:1100,user.gold:12000,user.hero_exp:20500		1	1000176	1000001|1000002	255	435	507	0.2544
177	10	10177	0	0	1	user.bindcash:10,user.xp:1100,user.gold:12000,user.hero_exp:20500		1	1000177	1000001|1000002	257	437	510	0.2548
178	10	10178	0	0	1	user.xp:1100,user.gold:12000,user.hero_exp:20500		1	1000178	1000001|1000002	258	438	514	0.2552
179	10	10179	0	0	1	user.xp:1100,user.gold:12000,user.hero_exp:20500		1	1000179	1000001|1000002	260	440	517	0.2556
180	10	10180	0	0	1	user.bindcash:10,user.xp:1100,user.gold:12000,user.hero_exp:20500		1	1000180	1000001|1000002	261	441	521	0.256
181	10	10181	0	0	1	user.xp:1100,user.gold:12000,user.hero_exp:20500		1	1000181	1000001|1000002	263	443	524	0.2564
182	10	10182	0	0	1	user.xp:1100,user.gold:12000,user.hero_exp:20500		1	1000182	1000001|1000002	264	444	528	0.2568
183	10	10183	0	0	1	user.bindcash:10,user.xp:1100,user.gold:12000,user.hero_exp:20500		1	1000183	1000001|1000002	265	445	531	0.2572
184	10	10184	0	0	1	user.xp:1100,user.gold:12000,user.hero_exp:20500		1	1000184	1000001|1000002	267	447	535	0.2576
185	10	10185	0	0	1	user.xp:1100,user.gold:12000,user.hero_exp:20500		1	1000185	1000001|1000002	268	448	539	0.258
186	10	10186	0	0	1	user.bindcash:10,user.xp:1100,user.gold:12000,user.hero_exp:20500		1	1000186	1000001|1000002	270	450	542	0.2584
187	10	10187	0	0	1	user.xp:1100,user.gold:12000,user.hero_exp:20500		1	1000187	1000001|1000002	271	451	546	0.2588
188	10	10188	0	0	1	user.xp:1100,user.gold:12000,user.hero_exp:20500		1	1000188	1000001|1000002	273	453	549	0.2592
189	10	10189	0	0	1	user.bindcash:10,user.xp:1100,user.gold:12000,user.hero_exp:20500		1	1000189	1000001|1000002	274	454	553	0.2596
190	10	10190	0	0	1	user.xp:1100,user.gold:12000,user.hero_exp:20500		1	1000190	1000001|1000002	276	456	557	0.26
191	10	10191	0	0	1	user.xp:1100,user.gold:12000,user.hero_exp:20500		1	1000191	1000001|1000002	277	457	560	0.2604
192	10	10192	0	0	1	user.bindcash:10,user.xp:1100,user.gold:12000,user.hero_exp:20500		1	1000192	1000001|1000002	279	459	564	0.2608
193	10	10193	0	0	1	user.xp:1100,user.gold:12000,user.hero_exp:20500		1	1000193	1000001|1000002	280	460	568	0.2612
194	10	10194	0	0	1	user.xp:1100,user.gold:12000,user.hero_exp:20500		1	1000194	1000001|1000002	282	462	571	0.2616
195	10	10195	0	0	1	user.bindcash:10,user.xp:1100,user.gold:12000,user.hero_exp:20500		1	1000195	1000001|1000002	283	463	575	0.2621
196	10	10196	0	0	1	user.xp:1100,user.gold:12000,user.hero_exp:20500		1	1000196	1000001|1000002	285	465	579	0.2625
197	10	10197	0	0	1	user.xp:1100,user.gold:12000,user.hero_exp:20500		1	1000197	1000001|1000002	286	466	582	0.2629
198	10	10198	0	0	1	user.bindcash:10,user.xp:1100,user.gold:12000,user.hero_exp:20500		1	1000198	1000001|1000002	288	468	586	0.2633
199	10	10199	0	0	1	user.xp:1100,user.gold:12000,user.hero_exp:20500		1	1000199	1000001|1000002	289	469	590	0.2637
200	10	10200	0	0	1	user.xp:1100,user.gold:12000,user.hero_exp:20500		1	1000200	1000001|1000002	291	471	594	0.2641
201	10	10201	0	0	1	user.bindcash:10,user.xp:1100,user.gold:12000,user.hero_exp:20500		1	1000201	1000001|1000002	292	472	597	0.2646
202	10	10202	0	0	1	user.xp:1100,user.gold:12000,user.hero_exp:20500		1	1000202	1000001|1000002	294	474	601	0.265
203	10	10203	0	0	1	user.xp:1100,user.gold:12000,user.hero_exp:20500		1	1000203	1000001|1000002	295	475	605	0.2654
204	10	10204	0	0	1	user.bindcash:10,user.xp:1100,user.gold:12000,user.hero_exp:20500		1	1000204	1000001|1000002	297	477	609	0.2658
205	10	10205	0	0	1	user.xp:1100,user.gold:12000,user.hero_exp:20500		1	1000205	1000001|1000002	298	478	612	0.2663
206	10	10206	0	0	1	user.xp:1100,user.gold:12000,user.hero_exp:20500		1	1000206	1000001|1000002	300	480	616	0.2667
207	10	10207	0	0	1	user.bindcash:10,user.xp:1100,user.gold:12000,user.hero_exp:20500		1	1000207	1000001|1000002	301	481	620	0.2671
208	10	10208	0	0	1	user.xp:1100,user.gold:12000,user.hero_exp:20500		1	1000208	1000001|1000002	303	483	624	0.2675
209	10	10209	0	0	1	user.xp:1100,user.gold:12000,user.hero_exp:20500		1	1000209	1000001|1000002	304	484	627	0.268
210	10	10210	0	0	1	user.bindcash:10,user.xp:1100,user.gold:12000,user.hero_exp:20500		1	1000210	1000001|1000002	306	486	631	0.2684
211	10	10211	0	0	1	user.xp:1100,user.gold:12000,user.hero_exp:20500		1	1000211	1000001|1000002	307	487	635	0.2688
212	10	10212	0	0	1	user.xp:1100,user.gold:12000,user.hero_exp:20500		1	1000212	1000001|1000002	309	489	639	0.2693
213	10	10213	0	0	1	user.bindcash:10,user.xp:1100,user.gold:12000,user.hero_exp:20500		1	1000213	1000001|1000002	311	491	643	0.2697
214	10	10214	0	0	1	user.xp:1100,user.gold:12000,user.hero_exp:20500		1	1000214	1000001|1000002	312	492	647	0.2701
215	10	10215	0	0	1	user.xp:1100,user.gold:12000,user.hero_exp:20500		1	1000215	1000001|1000002	314	494	650	0.2706
216	10	10216	0	0	1	user.bindcash:10,user.xp:1100,user.gold:12000,user.hero_exp:20500		1	1000216	1000001|1000002	315	495	654	0.271
217	10	10217	0	0	1	user.xp:1100,user.gold:12000,user.hero_exp:20500		1	1000217	1000001|1000002	317	497	658	0.2714
218	10	10218	0	0	1	user.xp:1100,user.gold:12000,user.hero_exp:20500		1	1000218	1000001|1000002	318	498	662	0.2719
219	10	10219	0	0	1	user.bindcash:10,user.xp:1100,user.gold:12000,user.hero_exp:20500		1	1000219	1000001|1000002	320	500	666	0.2723
220	10	10220	0	0	1	user.xp:1100,user.gold:12000,user.hero_exp:20500		1	1000220	1000001|1000002	322	502	670	0.2727
221	10	10221	0	0	1	user.xp:1100,user.gold:12000,user.hero_exp:20500		1	1000221	1000001|1000002	323	503	674	0.2732
222	10	10222	0	0	1	user.bindcash:10,user.xp:1100,user.gold:12000,user.hero_exp:20500		1	1000222	1000001|1000002	325	505	678	0.2736
223	10	10223	0	0	1	user.xp:1100,user.gold:12000,user.hero_exp:20500		1	1000223	1000001|1000002	326	506	682	0.2741
224	10	10224	0	0	1	user.xp:1100,user.gold:12000,user.hero_exp:20500		1	1000224	1000001|1000002	328	508	686	0.2745
225	10	10225	0	0	1	user.bindcash:10,user.xp:1400,user.gold:15000,user.hero_exp:25700		1	1000225	1000001|1000002	330	510	690	0.275
226	10	10226	0	0	1	user.xp:1400,user.gold:15000,user.hero_exp:25700		1	1000226	1000001|1000002	331	511	693	0.2754
227	10	10227	0	0	1	user.xp:1400,user.gold:15000,user.hero_exp:25700		1	1000227	1000001|1000002	333	513	697	0.2758
228	10	10228	arena3	0	1	user.bindcash:10,user.xp:1400,user.gold:15000,user.hero_exp:25700		1	1000228	1000001|1000002	334	514	701	0.2763
229	10	10229	0	0	1	user.xp:1400,user.gold:15000,user.hero_exp:25700		1	1000229	1000001|1000002	336	516	705	0.2767
230	10	10230	0	0	1	user.xp:1400,user.gold:15000,user.hero_exp:25700		1	1000230	1000001|1000002	338	518	709	0.2772
231	10	10231	0	0	1	user.bindcash:10,user.xp:1400,user.gold:15000,user.hero_exp:25700		1	1000231	1000001|1000002	339	519	713	0.2776
232	10	10232	0	0	1	user.xp:1400,user.gold:15000,user.hero_exp:25700		1	1000232	1000001|1000002	341	521	717	0.2781
233	10	10233	0	0	1	user.xp:1400,user.gold:15000,user.hero_exp:25700		1	1000233	1000001|1000002	342	522	721	0.2785
234	10	10234	0	0	1	user.bindcash:10,user.xp:1400,user.gold:15000,user.hero_exp:25700		1	1000234	1000001|1000002	344	524	725	0.279
235	10	10235	0	0	1	user.xp:1400,user.gold:15000,user.hero_exp:25700		1	1000235	1000001|1000002	346	526	729	0.2794
236	10	10236	0	0	1	user.xp:1400,user.gold:15000,user.hero_exp:25700		1	1000236	1000001|1000002	347	527	733	0.2799
237	10	10237	0	0	1	user.bindcash:10,user.xp:1400,user.gold:15000,user.hero_exp:25700		1	1000237	1000001|1000002	349	529	737	0.2804
238	10	10238	0	0	1	user.xp:1400,user.gold:15000,user.hero_exp:25700		1	1000238	1000001|1000002	351	531	742	0.2808
239	10	10239	0	0	1	user.xp:1400,user.gold:15000,user.hero_exp:25700		1	1000239	1000001|1000002	352	532	746	0.2813
240	10	10240	0	0	1	user.bindcash:10,user.xp:1400,user.gold:15000,user.hero_exp:25700		1	1000240	1000001|1000002	354	534	750	0.2817
241	10	10241	0	0	1	user.xp:1400,user.gold:15000,user.hero_exp:25700		1	1000241	1000001|1000002	356	536	754	0.2822
242	10	10242	0	0	1	user.xp:1400,user.gold:15000,user.hero_exp:25700		1	1000242	1000001|1000002	357	537	758	0.2826
243	10	10243	0	0	1	user.bindcash:10,user.xp:1400,user.gold:15000,user.hero_exp:25700		1	1000243	1000001|1000002	359	539	762	0.2831
244	10	10244	0	0	1	user.xp:1400,user.gold:15000,user.hero_exp:25700		1	1000244	1000001|1000002	361	541	766	0.2836
245	10	10245	0	0	1	user.xp:1400,user.gold:15000,user.hero_exp:25700		1	1000245	1000001|1000002	362	542	770	0.284
246	10	10246	0	0	1	user.bindcash:10,user.xp:1400,user.gold:15000,user.hero_exp:25700		1	1000246	1000001|1000002	364	544	774	0.2845
247	10	10247	0	0	1	user.xp:1400,user.gold:15000,user.hero_exp:25700		1	1000247	1000001|1000002	366	546	778	0.285
248	10	10248	0	0	1	user.xp:1400,user.gold:15000,user.hero_exp:25700		1	1000248	1000001|1000002	367	547	783	0.2854
249	10	10249	0	0	1	user.bindcash:10,user.xp:1400,user.gold:15000,user.hero_exp:25700		1	1000249	1000001|1000002	369	549	787	0.2859
250	10	10250	0	0	1	user.xp:1400,user.gold:15000,user.hero_exp:25700		1	1000250	1000001|1000002	371	551	791	0.2864
251	10	10251	0	0	1	user.xp:1400,user.gold:15000,user.hero_exp:25700		1	1000251	1000001|1000002	372	552	795	0.2868
252	10	10252	0	0	1	user.bindcash:10,user.xp:1400,user.gold:15000,user.hero_exp:25700		1	1000252	1000001|1000002	374	554	799	0.2873
253	10	10253	0	0	1	user.xp:1400,user.gold:15000,user.hero_exp:25700		1	1000253	1000001|1000002	376	556	803	0.2878
254	10	10254	0	0	1	user.xp:1400,user.gold:15000,user.hero_exp:25700		1	1000254	1000001|1000002	377	557	808	0.2883
255	10	10255	0	0	1	user.bindcash:10,user.xp:1400,user.gold:15000,user.hero_exp:25700		1	1000255	1000001|1000002	379	559	812	0.2887
256	10	10256	0	0	1	user.xp:1400,user.gold:15000,user.hero_exp:25700		1	1000256	1000001|1000002	381	561	816	0.2892
257	10	10257	0	0	1	user.xp:1400,user.gold:15000,user.hero_exp:25700		1	1000257	1000001|1000002	383	563	820	0.2897
258	10	10258	0	0	1	user.bindcash:10,user.xp:1400,user.gold:15000,user.hero_exp:25700		1	1000258	1000001|1000002	384	564	825	0.2902
259	10	10259	0	0	1	user.xp:1400,user.gold:15000,user.hero_exp:25700		1	1000259	1000001|1000002	386	566	829	0.2906
260	10	10260	0	0	1	user.xp:1400,user.gold:15000,user.hero_exp:25700		1	1000260	1000001|1000002	388	568	833	0.2911
261	10	10261	0	0	1	user.bindcash:10,user.xp:1400,user.gold:15000,user.hero_exp:25700		1	1000261	1000001|1000002	389	569	837	0.2916
262	10	10262	0	0	1	user.xp:1400,user.gold:15000,user.hero_exp:25700		1	1000262	1000001|1000002	391	571	842	0.2921
263	10	10263	0	0	1	user.xp:1400,user.gold:15000,user.hero_exp:25700		1	1000263	1000001|1000002	393	573	846	0.2926
264	10	10264	0	0	1	user.bindcash:10,user.xp:1400,user.gold:15000,user.hero_exp:25700		1	1000264	1000001|1000002	395	575	850	0.293
265	10	10265	0	0	1	user.xp:1400,user.gold:15000,user.hero_exp:25700		1	1000265	1000001|1000002	396	576	854	0.2935
266	10	10266	0	0	1	user.xp:1400,user.gold:15000,user.hero_exp:25700		1	1000266	1000001|1000002	398	578	859	0.294
267	10	10267	0	0	1	user.bindcash:10,user.xp:1400,user.gold:15000,user.hero_exp:25700		1	1000267	1000001|1000002	400	580	863	0.2945
268	10	10268	0	0	1	user.xp:1400,user.gold:15000,user.hero_exp:25700		1	1000268	1000001|1000002	402	582	867	0.295
269	10	10269	0	0	1	user.xp:1400,user.gold:15000,user.hero_exp:25700		1	1000269	1000001|1000002	403	583	872	0.2955
270	10	10270	0	0	1	user.bindcash:10,user.xp:1400,user.gold:15000,user.hero_exp:25700		1	1000270	1000001|1000002	405	585	876	0.296
271	10	10271	0	0	1	user.xp:1400,user.gold:15000,user.hero_exp:25700		1	1000271	1000001|1000002	407	587	880	0.2964
272	10	10272	0	0	1	user.xp:1400,user.gold:15000,user.hero_exp:25700		1	1000272	1000001|1000002	409	589	885	0.2969
273	10	10273	0	0	1	user.bindcash:10,user.xp:1400,user.gold:15000,user.hero_exp:25700		1	1000273	1000001|1000002	410	590	889	0.2974
274	10	10274	0	0	1	user.xp:1400,user.gold:15000,user.hero_exp:25700		1	1000274	1000001|1000002	412	592	893	0.2979
275	10	10275	0	0	1	user.xp:1400,user.gold:15000,user.hero_exp:25700		1	1000275	1000001|1000002	414	594	898	0.2984
276	10	10276	0	0	1	user.bindcash:10,user.xp:1400,user.gold:15000,user.hero_exp:25700		1	1000276	1000001|1000002	416	596	902	0.2989
277	10	10277	0	0	1	user.xp:1400,user.gold:15000,user.hero_exp:25700		1	1000277	1000001|1000002	418	598	907	0.2994
278	10	10278	0	0	1	user.xp:1400,user.gold:15000,user.hero_exp:25700		1	1000278	1000001|1000002	419	599	911	0.2999
279	10	10279	0	0	1	user.bindcash:10,user.xp:1400,user.gold:15000,user.hero_exp:25700		1	1000279	1000001|1000002	421	601	915	0.3004
280	10	10280	0	0	1	user.xp:1400,user.gold:15000,user.hero_exp:25700		1	1000280	1000001|1000002	423	603	920	0.3009
281	10	10281	0	0	1	user.xp:1400,user.gold:15000,user.hero_exp:25700		1	1000281	1000001|1000002	425	605	924	0.3014
282	10	10282	0	0	1	user.bindcash:10,user.xp:1400,user.gold:15000,user.hero_exp:25700		1	1000282	1000001|1000002	426	606	929	0.3019
283	10	10283	0	0	1	user.xp:1400,user.gold:15000,user.hero_exp:25700		1	1000283	1000001|1000002	428	608	933	0.3024
284	10	10284	0	0	1	user.xp:1400,user.gold:15000,user.hero_exp:25700		1	1000284	1000001|1000002	430	610	938	0.3029
285	10	10285	0	0	1	user.bindcash:10,user.xp:1400,user.gold:15000,user.hero_exp:25700		1	1000285	1000001|1000002	432	612	942	0.3034
286	10	10286	0	0	1	user.xp:1400,user.gold:15000,user.hero_exp:25700		1	1000286	1000001|1000002	434	614	947	0.3039
287	10	10287	0	0	1	user.xp:1400,user.gold:15000,user.hero_exp:25700		1	1000287	1000001|1000002	436	616	951	0.3044
288	10	10288	0	0	1	user.bindcash:10,user.xp:1400,user.gold:15000,user.hero_exp:25700		1	1000288	1000001|1000002	437	617	956	0.3049
289	10	10289	0	0	1	user.xp:1400,user.gold:15000,user.hero_exp:25700		1	1000289	1000001|1000002	439	619	960	0.3054
290	10	10290	0	0	1	user.xp:1400,user.gold:15000,user.hero_exp:25700		1	1000290	1000001|1000002	441	621	965	0.3059
291	10	10291	0	0	1	user.bindcash:10,user.xp:1400,user.gold:15000,user.hero_exp:25700		1	1000291	1000001|1000002	443	623	969	0.3064
292	10	10292	0	0	1	user.xp:1400,user.gold:15000,user.hero_exp:25700		1	1000292	1000001|1000002	445	625	974	0.3069
293	10	10293	0	0	1	user.xp:1400,user.gold:15000,user.hero_exp:25700		1	1000293	1000001|1000002	447	627	978	0.3075
294	10	10294	0	0	1	user.bindcash:10,user.xp:1400,user.gold:15000,user.hero_exp:25700		1	1000294	1000001|1000002	448	628	983	0.308
295	10	10295	0	0	1	user.xp:1400,user.gold:15000,user.hero_exp:25700		1	1000295	1000001|1000002	450	630	987	0.3085
296	10	10296	0	0	1	user.xp:1400,user.gold:15000,user.hero_exp:25700		1	1000296	1000001|1000002	452	632	992	0.309
297	10	10297	0	0	1	user.bindcash:10,user.xp:1400,user.gold:15000,user.hero_exp:25700		1	1000297	1000001|1000002	454	634	996	0.3095
298	10	10298	0	0	1	user.xp:1400,user.gold:15000,user.hero_exp:25700		1	1000298	1000001|1000002	456	636	1001	0.31
299	10	10299	0	0	1	user.xp:1400,user.gold:15000,user.hero_exp:25700		1	1000299	1000001|1000002	458	638	1006	0.3105
300	10	10300	0	0	1	user.bindcash:10,user.xp:1800,user.gold:21000,user.hero_exp:34600		1	1000300	1000001|1000002	460	640	1010	0.3111
301	10	10301	0	0	1	user.xp:1800,user.gold:21000,user.hero_exp:34600		1	1000301	1000001|1000002	461	641	1015	0.3116
302	10	10302	0	0	1	user.xp:1800,user.gold:21000,user.hero_exp:34600		1	1000302	1000001|1000002	463	643	1019	0.3121
303	10	10303	0	0	1	user.bindcash:15,user.xp:1800,user.gold:21000,user.hero_exp:34600		1	1000303	1000001|1000002	465	645	1024	0.3126
304	10	10304	0	0	1	user.xp:1900,user.gold:21000,user.hero_exp:35100		1	1000304	1000001|1000002	467	647	1029	0.3131
305	10	10305	0	0	1	user.xp:1900,user.gold:21000,user.hero_exp:35100		1	1000305	1000001|1000002	469	649	1033	0.3137
306	10	10306	0	0	1	user.bindcash:15,user.xp:1900,user.gold:21000,user.hero_exp:35100		1	1000306	1000001|1000002	471	651	1038	0.3142
307	10	10307	0	0	1	user.xp:1900,user.gold:21000,user.hero_exp:35100		1	1000307	1000001|1000002	473	653	1043	0.3147
308	10	10308	0	0	1	user.xp:1900,user.gold:21000,user.hero_exp:35700		1	1000308	1000001|1000002	475	655	1047	0.3152
309	10	10309	0	0	1	user.bindcash:15,user.xp:1900,user.gold:21000,user.hero_exp:35700		1	1000309	1000001|1000002	476	656	1052	0.3158
310	10	10310	0	0	1	user.xp:1900,user.gold:21000,user.hero_exp:35700		1	1000310	1000001|1000002	478	658	1057	0.3163
311	10	10311	0	0	1	user.xp:1900,user.gold:21000,user.hero_exp:35700		1	1000311	1000001|1000002	480	660	1061	0.3168
312	10	10312	0	0	1	user.bindcash:15,user.xp:1900,user.gold:22000,user.hero_exp:36200		1	1000312	1000001|1000002	482	662	1066	0.3174
313	10	10313	0	0	1	user.xp:1900,user.gold:22000,user.hero_exp:36200		1	1000313	1000001|1000002	484	664	1071	0.3179
314	10	10314	0	0	1	user.xp:1900,user.gold:22000,user.hero_exp:36200		1	1000314	1000001|1000002	486	666	1075	0.3184
315	10	10315	0	0	1	user.bindcash:15,user.xp:1900,user.gold:22000,user.hero_exp:36900		1	1000315	1000001|1000002	488	668	1080	0.319
316	10	10316	0	0	1	user.xp:1900,user.gold:22000,user.hero_exp:36900		1	1000316	1000001|1000002	490	670	1085	0.3195
317	10	10317	0	0	1	user.xp:1900,user.gold:22000,user.hero_exp:36900		1	1000317	1000001|1000002	492	672	1090	0.32
318	10	10318	0	0	1	user.bindcash:15,user.xp:1900,user.gold:22000,user.hero_exp:36900		1	1000318	1000001|1000002	494	674	1094	0.3206
319	10	10319	0	0	1	user.xp:2000,user.gold:22000,user.hero_exp:37500		1	1000319	1000001|1000002	496	676	1099	0.3211
320	10	10320	0	0	1	user.xp:2000,user.gold:22000,user.hero_exp:37500		1	1000320	1000001|1000002	498	678	1104	0.3216
321	10	10321	0	0	1	user.bindcash:15,user.xp:2000,user.gold:22000,user.hero_exp:37500		1	1000321	1000001|1000002	499	679	1109	0.3222
322	10	10322	0	0	1	user.xp:2000,user.gold:22000,user.hero_exp:37500		1	1000322	1000001|1000002	501	681	1114	0.3227
323	10	10323	0	0	1	user.xp:2000,user.gold:23000,user.hero_exp:38200		1	1000323	1000001|1000002	503	683	1118	0.3232
324	10	10324	0	0	1	user.bindcash:15,user.xp:2000,user.gold:23000,user.hero_exp:38200		1	1000324	1000001|1000002	505	685	1123	0.3238
325	10	10325	0	0	1	user.xp:2000,user.gold:23000,user.hero_exp:38200		1	1000325	1000001|1000002	507	687	1128	0.3243
326	10	10326	0	0	1	user.xp:2000,user.gold:23000,user.hero_exp:38200		1	1000326	1000001|1000002	509	689	1133	0.3249
327	10	10327	0	0	1	user.bindcash:15,user.xp:2000,user.gold:23000,user.hero_exp:39000		1	1000327	1000001|1000002	511	691	1138	0.3254
328	10	10328	0	0	1	user.xp:2000,user.gold:23000,user.hero_exp:39000		1	1000328	1000001|1000002	513	693	1143	0.326
329	10	10329	0	0	1	user.xp:2000,user.gold:23000,user.hero_exp:39000		1	1000329	1000001|1000002	515	695	1147	0.3265
330	10	10330	0	0	1	user.bindcash:15,user.xp:2100,user.gold:24000,user.hero_exp:39800		1	1000330	1000001|1000002	517	697	1152	0.3271
331	10	10331	0	0	1	user.xp:2100,user.gold:24000,user.hero_exp:39800		1	1000331	1000001|1000002	519	699	1157	0.3276
332	10	10332	0	0	1	user.xp:2100,user.gold:24000,user.hero_exp:39800		1	1000332	1000001|1000002	521	701	1162	0.3282
333	10	10333	0	0	1	user.bindcash:15,user.xp:2100,user.gold:24000,user.hero_exp:39800		1	1000333	1000001|1000002	523	703	1167	0.3287
334	10	10334	0	0	1	user.xp:2100,user.gold:24000,user.hero_exp:40600		1	1000334	1000001|1000002	525	705	1172	0.3293
335	10	10335	0	0	1	user.xp:2100,user.gold:24000,user.hero_exp:40600		1	1000335	1000001|1000002	527	707	1177	0.3298
336	10	10336	0	0	1	user.bindcash:15,user.xp:2100,user.gold:24000,user.hero_exp:40600		1	1000336	1000001|1000002	529	709	1182	0.3304
337	10	10337	0	0	1	user.xp:2100,user.gold:24000,user.hero_exp:40600		1	1000337	1000001|1000002	531	711	1187	0.3309
338	10	10338	0	0	1	user.xp:2200,user.gold:25000,user.hero_exp:41500		1	1000338	1000001|1000002	533	713	1191	0.3315
339	10	10339	0	0	1	user.bindcash:15,user.xp:2200,user.gold:25000,user.hero_exp:41500		1	1000339	1000001|1000002	535	715	1196	0.332
340	10	10340	0	0	1	user.xp:2200,user.gold:25000,user.hero_exp:41500		1	1000340	1000001|1000002	537	717	1201	0.3326
341	10	10341	0	0	1	user.xp:2200,user.gold:25000,user.hero_exp:41500		1	1000341	1000001|1000002	539	719	1206	0.3332
342	10	10342	0	0	1	user.bindcash:15,user.xp:2200,user.gold:25000,user.hero_exp:42400		1	1000342	1000001|1000002	541	721	1211	0.3337
343	10	10343	0	0	1	user.xp:2200,user.gold:25000,user.hero_exp:42400		1	1000343	1000001|1000002	543	723	1216	0.3343
344	10	10344	0	0	1	user.xp:2200,user.gold:25000,user.hero_exp:42400		1	1000344	1000001|1000002	545	725	1221	0.3348
345	10	10345	0	0	1	user.bindcash:15,user.xp:2300,user.gold:26000,user.hero_exp:43400		1	1000345	1000001|1000002	547	727	1226	0.3354
346	10	10346	0	0	1	user.xp:2300,user.gold:26000,user.hero_exp:43400		1	1000346	1000001|1000002	549	729	1231	0.336
347	10	10347	0	0	1	user.xp:2300,user.gold:26000,user.hero_exp:43400		1	1000347	1000001|1000002	551	731	1236	0.3365
348	10	10348	0	0	1	user.bindcash:15,user.xp:2300,user.gold:26000,user.hero_exp:43400		1	1000348	1000001|1000002	553	733	1241	0.3371
349	10	10349	0	0	1	user.xp:2300,user.gold:26000,user.hero_exp:44400		1	1000349	1000001|1000002	555	735	1246	0.3377
350	10	10350	0	0	1	user.xp:2300,user.gold:26000,user.hero_exp:44400		1	1000350	1000001|1000002	557	737	1251	0.3382
351	10	10351	0	0	1	user.bindcash:15,user.xp:2300,user.gold:26000,user.hero_exp:44400		1	1000351	1000001|1000002	559	739	1256	0.3388
352	10	10352	0	0	1	user.xp:2300,user.gold:26000,user.hero_exp:44400		1	1000352	1000001|1000002	561	741	1261	0.3394
353	10	10353	0	0	1	user.xp:2400,user.gold:27000,user.hero_exp:45400		1	1000353	1000001|1000002	563	743	1267	0.3399
354	10	10354	0	0	1	user.bindcash:15,user.xp:2400,user.gold:27000,user.hero_exp:45400		1	1000354	1000001|1000002	565	745	1272	0.3405
355	10	10355	0	0	1	user.xp:2400,user.gold:27000,user.hero_exp:45400		1	1000355	1000001|1000002	568	748	1277	0.3411
356	10	10356	0	0	1	user.xp:2400,user.gold:27000,user.hero_exp:45400		1	1000356	1000001|1000002	570	750	1282	0.3416
357	10	10357	0	0	1	user.bindcash:15,user.xp:2400,user.gold:27000,user.hero_exp:46500		1	1000357	1000001|1000002	572	752	1287	0.3422
358	10	10358	0	0	1	user.xp:2400,user.gold:27000,user.hero_exp:46500		1	1000358	1000001|1000002	574	754	1292	0.3428
359	10	10359	0	0	1	user.xp:2400,user.gold:27000,user.hero_exp:46500		1	1000359	1000001|1000002	576	756	1297	0.3434
360	10	10360	0	0	1	user.bindcash:15,user.xp:2500,user.gold:28000,user.hero_exp:47600		1	1000360	1000001|1000002	578	758	1302	0.344
361	10	10361	0	0	1	user.xp:2500,user.gold:28000,user.hero_exp:47600		1	1000361	1000001|1000002	580	760	1307	0.3445
362	10	10362	0	0	1	user.xp:2500,user.gold:28000,user.hero_exp:47600		1	1000362	1000001|1000002	582	762	1312	0.3451
363	10	10363	0	0	1	user.bindcash:15,user.xp:2500,user.gold:28000,user.hero_exp:47600		1	1000363	1000001|1000002	584	764	1318	0.3457
364	10	10364	0	0	1	user.xp:2600,user.gold:29000,user.hero_exp:48800		1	1000364	1000001|1000002	586	766	1323	0.3463
365	10	10365	0	0	1	user.xp:2600,user.gold:29000,user.hero_exp:48800		1	1000365	1000001|1000002	588	768	1328	0.3469
366	10	10366	0	0	1	user.bindcash:15,user.xp:2600,user.gold:29000,user.hero_exp:48800		1	1000366	1000001|1000002	590	770	1333	0.3474
367	10	10367	0	0	1	user.xp:2600,user.gold:29000,user.hero_exp:48800		1	1000367	1000001|1000002	593	773	1338	0.348
368	10	10368	0	0	1	user.xp:2600,user.gold:30000,user.hero_exp:50000		1	1000368	1000001|1000002	595	775	1344	0.3486
369	10	10369	0	0	1	user.bindcash:15,user.xp:2600,user.gold:30000,user.hero_exp:50000		1	1000369	1000001|1000002	597	777	1349	0.3492
370	10	10370	0	0	1	user.xp:2600,user.gold:30000,user.hero_exp:50000		1	1000370	1000001|1000002	599	779	1354	0.3498
371	10	10371	0	0	1	user.xp:2600,user.gold:30000,user.hero_exp:50000		1	1000371	1000001|1000002	601	781	1359	0.3504
372	10	10372	0	0	1	user.bindcash:15,user.xp:2700,user.gold:30000,user.hero_exp:51300		1	1000372	1000001|1000002	603	783	1364	0.351
373	10	10373	0	0	1	user.xp:2700,user.gold:30000,user.hero_exp:51300		1	1000373	1000001|1000002	605	785	1370	0.3515
374	10	10374	0	0	1	user.xp:2700,user.gold:30000,user.hero_exp:51300		1	1000374	1000001|1000002	607	787	1375	0.3521
375	10	10375	0	0	1	user.bindcash:15,user.xp:2700,user.gold:31000,user.hero_exp:51700		1	1000375	1000001|1000002	610	790	1380	0.3527
376	10	10376	0	0	1	user.xp:2700,user.gold:31000,user.hero_exp:51700		1	1000376	1000001|1000002	612	792	1385	0.3533
377	10	10377	0	0	1	user.xp:2700,user.gold:31000,user.hero_exp:51700		1	1000377	1000001|1000002	614	794	1391	0.3539
378	10	10378	0	0	1	user.bindcash:15,user.xp:2700,user.gold:31000,user.hero_exp:51700		1	1000378	1000001|1000002	616	796	1396	0.3545
379	10	10379	0	0	1	user.xp:2700,user.gold:31000,user.hero_exp:52200		1	1000379	1000001|1000002	618	798	1401	0.3551
380	10	10380	0	0	1	user.xp:2700,user.gold:31000,user.hero_exp:52200		1	1000380	1000001|1000002	620	800	1407	0.3557
381	10	10381	0	0	1	user.bindcash:15,user.xp:2700,user.gold:31000,user.hero_exp:52200		1	1000381	1000001|1000002	622	802	1412	0.3563
382	10	10382	0	0	1	user.xp:2700,user.gold:31000,user.hero_exp:52200		1	1000382	1000001|1000002	625	805	1417	0.3569
383	10	10383	0	0	1	user.xp:2800,user.gold:31000,user.hero_exp:52700		1	1000383	1000001|1000002	627	807	1423	0.3575
384	10	10384	0	0	1	user.bindcash:15,user.xp:2800,user.gold:31000,user.hero_exp:52700		1	1000384	1000001|1000002	629	809	1428	0.3581
385	10	10385	0	0	1	user.xp:2800,user.gold:31000,user.hero_exp:52700		1	1000385	1000001|1000002	631	811	1433	0.3587
386	10	10386	0	0	1	user.xp:2800,user.gold:31000,user.hero_exp:52700		1	1000386	1000001|1000002	633	813	1439	0.3593
387	10	10387	0	0	1	user.bindcash:15,user.xp:2800,user.gold:31000,user.hero_exp:53300		1	1000387	1000001|1000002	635	815	1444	0.3599
388	10	10388	0	0	1	user.xp:2800,user.gold:31000,user.hero_exp:53300		1	1000388	1000001|1000002	638	818	1449	0.3605
389	10	10389	0	0	1	user.xp:2800,user.gold:31000,user.hero_exp:53300		1	1000389	1000001|1000002	640	820	1455	0.3611
390	10	10390	0	0	1	user.bindcash:15,user.xp:2800,user.gold:32000,user.hero_exp:53900		1	1000390	1000001|1000002	642	822	1460	0.3617
391	10	10391	0	0	1	user.xp:2800,user.gold:32000,user.hero_exp:53900		1	1000391	1000001|1000002	644	824	1465	0.3623
392	10	10392	0	0	1	user.xp:2800,user.gold:32000,user.hero_exp:53900		1	1000392	1000001|1000002	646	826	1471	0.3629
393	10	10393	0	0	1	user.bindcash:15,user.xp:2800,user.gold:32000,user.hero_exp:53900		1	1000393	1000001|1000002	648	828	1476	0.3636
394	10	10394	0	0	1	user.xp:2900,user.gold:32000,user.hero_exp:54600		1	1000394	1000001|1000002	651	831	1482	0.3642
395	10	10395	0	0	1	user.xp:2900,user.gold:32000,user.hero_exp:54600		1	1000395	1000001|1000002	653	833	1487	0.3648
396	10	10396	0	0	1	user.bindcash:15,user.xp:2900,user.gold:32000,user.hero_exp:54600		1	1000396	1000001|1000002	655	835	1493	0.3654
397	10	10397	0	0	1	user.xp:2900,user.gold:32000,user.hero_exp:54600		1	1000397	1000001|1000002	657	837	1498	0.366
398	10	10398	0	0	1	user.xp:2900,user.gold:33000,user.hero_exp:55300		1	1000398	1000001|1000002	660	840	1504	0.3666
399	10	10399	0	0	1	user.bindcash:15,user.xp:2900,user.gold:33000,user.hero_exp:55300		1	1000399	1000001|1000002	662	842	1509	0.3672
400	10	10400	0	0	1	user.xp:2900,user.gold:33000,user.hero_exp:55300		1	1000400	1000001|1000002	664	844	1514	0.3679
401	10	10401	0	0	1	user.xp:2900,user.gold:33000,user.hero_exp:55300		1	1000401	1000001|1000002	666	846	1520	0.3685
402	10	10402	arena4	0	1	user.bindcash:15,user.xp:2900,user.gold:33000,user.hero_exp:56100		1	1000402	1000001|1000002	668	848	1525	0.3691
403	10	10403	0	0	1	user.xp:2900,user.gold:33000,user.hero_exp:56100		1	1000403	1000001|1000002	671	851	1531	0.3697
404	10	10404	0	0	1	user.xp:2900,user.gold:33000,user.hero_exp:56100		1	1000404	1000001|1000002	673	853	1536	0.3703
405	10	10405	0	0	1	user.bindcash:15,user.xp:3000,user.gold:34000,user.hero_exp:56800		1	1000405	1000001|1000002	675	855	1542	0.371
406	10	10406	0	0	1	user.xp:3000,user.gold:34000,user.hero_exp:56800		1	1000406	1000001|1000002	677	857	1548	0.3716
407	10	10407	0	0	1	user.xp:3000,user.gold:34000,user.hero_exp:56800		1	1000407	1000001|1000002	680	860	1553	0.3722
408	10	10408	0	0	1	user.bindcash:15,user.xp:3000,user.gold:34000,user.hero_exp:56800		1	1000408	1000001|1000002	682	862	1559	0.3728
409	10	10409	0	0	1	user.xp:3000,user.gold:34000,user.hero_exp:57700		1	1000409	1000001|1000002	684	864	1564	0.3734
410	10	10410	0	0	1	user.xp:3000,user.gold:34000,user.hero_exp:57700		1	1000410	1000001|1000002	686	866	1570	0.3741
411	10	10411	0	0	1	user.bindcash:15,user.xp:3000,user.gold:34000,user.hero_exp:57700		1	1000411	1000001|1000002	689	869	1575	0.3747
412	10	10412	0	0	1	user.xp:3000,user.gold:34000,user.hero_exp:57700		1	1000412	1000001|1000002	691	871	1581	0.3753
413	10	10413	0	0	1	user.xp:3100,user.gold:34000,user.hero_exp:58500		1	1000413	1000001|1000002	693	873	1586	0.376
414	10	10414	0	0	1	user.bindcash:15,user.xp:3100,user.gold:34000,user.hero_exp:58500		1	1000414	1000001|1000002	695	875	1592	0.3766
415	10	10415	0	0	1	user.xp:3100,user.gold:34000,user.hero_exp:58500		1	1000415	1000001|1000002	698	878	1598	0.3772
416	10	10416	0	0	1	user.xp:3100,user.gold:34000,user.hero_exp:58500		1	1000416	1000001|1000002	700	880	1603	0.3779
417	10	10417	0	0	1	user.bindcash:15,user.xp:3100,user.gold:35000,user.hero_exp:59500		1	1000417	1000001|1000002	702	882	1609	0.3785
418	10	10418	0	0	1	user.xp:3100,user.gold:35000,user.hero_exp:59500		1	1000418	1000001|1000002	705	885	1615	0.3791
419	10	10419	0	0	1	user.xp:3100,user.gold:35000,user.hero_exp:59500		1	1000419	1000001|1000002	707	887	1620	0.3798
420	10	10420	0	0	1	user.bindcash:15,user.xp:3100,user.gold:36000,user.hero_exp:60400		1	1000420	1000001|1000002	709	889	1626	0.3804
421	10	10421	0	0	1	user.xp:3100,user.gold:36000,user.hero_exp:60400		1	1000421	1000001|1000002	711	891	1632	0.381
422	10	10422	0	0	1	user.xp:3100,user.gold:36000,user.hero_exp:60400		1	1000422	1000001|1000002	714	894	1637	0.3817
423	10	10423	0	0	1	user.bindcash:15,user.xp:3100,user.gold:36000,user.hero_exp:60400		1	1000423	1000001|1000002	716	896	1643	0.3823
424	10	10424	0	0	1	user.xp:3200,user.gold:36000,user.hero_exp:61400		1	1000424	1000001|1000002	718	898	1649	0.383
425	10	10425	0	0	1	user.xp:3200,user.gold:36000,user.hero_exp:61400		1	1000425	1000001|1000002	721	901	1654	0.3836
426	10	10426	0	0	1	user.bindcash:15,user.xp:3200,user.gold:36000,user.hero_exp:61400		1	1000426	1000001|1000002	723	903	1660	0.3842
427	10	10427	0	0	1	user.xp:3200,user.gold:36000,user.hero_exp:61400		1	1000427	1000001|1000002	725	905	1666	0.3849
428	10	10428	0	0	1	user.xp:3300,user.gold:37000,user.hero_exp:62500		1	1000428	1000001|1000002	728	908	1671	0.3855
429	10	10429	0	0	1	user.bindcash:15,user.xp:3300,user.gold:37000,user.hero_exp:62500		1	1000429	1000001|1000002	730	910	1677	0.3862
430	10	10430	0	0	1	user.xp:3300,user.gold:37000,user.hero_exp:62500		1	1000430	1000001|1000002	732	912	1683	0.3868
431	10	10431	0	0	1	user.xp:3300,user.gold:37000,user.hero_exp:62500		1	1000431	1000001|1000002	735	915	1689	0.3875
432	10	10432	0	0	1	user.bindcash:15,user.xp:3300,user.gold:37000,user.hero_exp:63600		1	1000432	1000001|1000002	737	917	1694	0.3881
433	10	10433	0	0	1	user.xp:3300,user.gold:37000,user.hero_exp:63600		1	1000433	1000001|1000002	739	919	1700	0.3888
434	10	10434	0	0	1	user.xp:3300,user.gold:37000,user.hero_exp:63600		1	1000434	1000001|1000002	742	922	1706	0.3894
435	10	10435	0	0	1	user.bindcash:15,user.xp:3400,user.gold:38000,user.hero_exp:64700		1	1000435	1000001|1000002	744	924	1712	0.3901
436	10	10436	0	0	1	user.xp:3400,user.gold:38000,user.hero_exp:64700		1	1000436	1000001|1000002	746	926	1717	0.3907
437	10	10437	0	0	1	user.xp:3400,user.gold:38000,user.hero_exp:64700		1	1000437	1000001|1000002	749	929	1723	0.3914
438	10	10438	0	0	1	user.bindcash:15,user.xp:3400,user.gold:38000,user.hero_exp:64700		1	1000438	1000001|1000002	751	931	1729	0.392
439	10	10439	0	0	1	user.xp:3400,user.gold:39000,user.hero_exp:65900		1	1000439	1000001|1000002	753	933	1735	0.3927
440	10	10440	0	0	1	user.xp:3400,user.gold:39000,user.hero_exp:65900		1	1000440	1000001|1000002	756	936	1741	0.3933
441	10	10441	0	0	1	user.bindcash:15,user.xp:3400,user.gold:39000,user.hero_exp:65900		1	1000441	1000001|1000002	758	938	1747	0.394
442	10	10442	0	0	1	user.xp:3400,user.gold:39000,user.hero_exp:65900		1	1000442	1000001|1000002	760	940	1752	0.3946
443	10	10443	0	0	1	user.xp:3500,user.gold:39000,user.hero_exp:67100		1	1000443	1000001|1000002	763	943	1758	0.3953
444	10	10444	0	0	1	user.bindcash:15,user.xp:3500,user.gold:39000,user.hero_exp:67100		1	1000444	1000001|1000002	765	945	1764	0.396
445	10	10445	0	0	1	user.xp:3500,user.gold:39000,user.hero_exp:67100		1	1000445	1000001|1000002	768	948	1770	0.3966
446	10	10446	0	0	1	user.xp:3500,user.gold:39000,user.hero_exp:67100		1	1000446	1000001|1000002	770	950	1776	0.3973
447	10	10447	0	0	1	user.bindcash:15,user.xp:3600,user.gold:40000,user.hero_exp:68300		1	1000447	1000001|1000002	772	952	1782	0.398
448	10	10448	0	0	1	user.xp:3600,user.gold:40000,user.hero_exp:68300		1	1000448	1000001|1000002	775	955	1788	0.3986
449	10	10449	0	0	1	user.xp:3600,user.gold:40000,user.hero_exp:68300		1	1000449	1000001|1000002	777	957	1794	0.3993
450	10	10450	0	0	1	user.bindcash:15,user.xp:3600,user.gold:40000,user.hero_exp:68800		1	1000450	1000001|1000002	780	960	1800	0.4
451	10	10451	0	0	1	user.xp:3600,user.gold:40000,user.hero_exp:68800		1	1000451	1000001|1000002	780	960	1801	0.4007
452	10	10452	0	0	1	user.xp:3600,user.gold:40000,user.hero_exp:68800		1	1000452	1000001|1000002	781	961	1802	0.4015
453	10	10453	0	0	1	user.bindcash:20,user.xp:3600,user.gold:41000,user.hero_exp:69300		1	1000453	1000001|1000002	781	962	1804	0.4022
454	10	10454	0	0	1	user.xp:3600,user.gold:41000,user.hero_exp:69300		1	1000454	1000001|1000002	782	962	1805	0.403
455	10	10455	0	0	1	user.xp:3600,user.gold:41000,user.hero_exp:69800		1	1000455	1000001|1000002	783	963	1806	0.4038
456	10	10456	0	0	1	user.bindcash:20,user.xp:3600,user.gold:41000,user.hero_exp:69800		1	1000456	1000001|1000002	783	964	1808	0.4046
457	10	10457	0	0	1	user.xp:3600,user.gold:41000,user.hero_exp:69800		1	1000457	1000001|1000002	784	965	1809	0.4054
458	10	10458	0	0	1	user.xp:3700,user.gold:41000,user.hero_exp:70400		1	1000458	1000001|1000002	785	965	1811	0.4062
459	10	10459	0	0	1	user.bindcash:20,user.xp:3700,user.gold:41000,user.hero_exp:70400		1	1000459	1000001|1000002	785	966	1812	0.407
460	10	10460	0	0	1	user.xp:3700,user.gold:42000,user.hero_exp:71000		1	1000460	1000001|1000002	786	967	1814	0.4078
461	10	10461	0	0	1	user.xp:3700,user.gold:42000,user.hero_exp:71000		1	1000461	1000001|1000002	787	968	1815	0.4086
462	10	10462	0	0	1	user.bindcash:20,user.xp:3700,user.gold:42000,user.hero_exp:71000		1	1000462	1000001|1000002	787	969	1816	0.4094
463	10	10463	0	0	1	user.xp:3700,user.gold:42000,user.hero_exp:71700		1	1000463	1000001|1000002	788	969	1818	0.4102
464	10	10464	0	0	1	user.xp:3700,user.gold:42000,user.hero_exp:71700		1	1000464	1000001|1000002	789	970	1819	0.411
465	10	10465	0	0	1	user.bindcash:20,user.xp:3800,user.gold:43000,user.hero_exp:72400		1	1000465	1000001|1000002	789	971	1821	0.4118
466	10	10466	0	0	1	user.xp:3800,user.gold:43000,user.hero_exp:72400		1	1000466	1000001|1000002	790	972	1822	0.4127
467	10	10467	0	0	1	user.xp:3800,user.gold:43000,user.hero_exp:72400		1	1000467	1000001|1000002	791	973	1824	0.4135
468	10	10468	0	0	1	user.bindcash:20,user.xp:3800,user.gold:43000,user.hero_exp:73100		1	1000468	1000001|1000002	792	973	1825	0.4143
469	10	10469	0	0	1	user.xp:3800,user.gold:43000,user.hero_exp:73100		1	1000469	1000001|1000002	792	974	1827	0.4152
470	10	10470	0	0	1	user.xp:3800,user.gold:43000,user.hero_exp:73900		1	1000470	1000001|1000002	793	975	1828	0.416
471	10	10471	0	0	1	user.bindcash:20,user.xp:3800,user.gold:43000,user.hero_exp:73900		1	1000471	1000001|1000002	794	976	1830	0.4169
472	10	10472	0	0	1	user.xp:3800,user.gold:43000,user.hero_exp:73900		1	1000472	1000001|1000002	794	977	1832	0.4177
473	10	10473	0	0	1	user.xp:3900,user.gold:44000,user.hero_exp:74800		1	1000473	1000001|1000002	795	977	1833	0.4186
474	10	10474	0	0	1	user.bindcash:20,user.xp:3900,user.gold:44000,user.hero_exp:74800		1	1000474	1000001|1000002	796	978	1835	0.4195
475	10	10475	0	0	1	user.xp:3900,user.gold:44000,user.hero_exp:75600		1	1000475	1000001|1000002	797	979	1836	0.4203
476	10	10476	0	0	1	user.xp:3900,user.gold:44000,user.hero_exp:75600		1	1000476	1000001|1000002	797	980	1838	0.4212
477	10	10477	0	0	1	user.bindcash:20,user.xp:3900,user.gold:44000,user.hero_exp:75600		1	1000477	1000001|1000002	798	981	1839	0.4221
478	10	10478	0	0	1	user.xp:4000,user.gold:45000,user.hero_exp:76500		1	1000478	1000001|1000002	799	982	1841	0.423
479	10	10479	0	0	1	user.xp:4000,user.gold:45000,user.hero_exp:76500		1	1000479	1000001|1000002	800	982	1843	0.4239
480	10	10480	0	0	1	user.bindcash:20,user.xp:4000,user.gold:46000,user.hero_exp:77500		1	1000480	1000001|1000002	800	983	1844	0.4247
481	10	10481	0	0	1	user.xp:4000,user.gold:46000,user.hero_exp:77500		1	1000481	1000001|1000002	801	984	1846	0.4256
482	10	10482	0	0	1	user.xp:4000,user.gold:46000,user.hero_exp:77500		1	1000482	1000001|1000002	802	985	1847	0.4265
483	10	10483	0	0	1	user.bindcash:20,user.xp:4100,user.gold:46000,user.hero_exp:78500		1	1000483	1000001|1000002	803	986	1849	0.4275
484	10	10484	0	0	1	user.xp:4100,user.gold:46000,user.hero_exp:78500		1	1000484	1000001|1000002	803	987	1851	0.4284
485	10	10485	0	0	1	user.xp:4100,user.gold:47000,user.hero_exp:79500		1	1000485	1000001|1000002	804	988	1852	0.4293
486	10	10486	0	0	1	user.bindcash:20,user.xp:4100,user.gold:47000,user.hero_exp:79500		1	1000486	1000001|1000002	805	989	1854	0.4302
487	10	10487	0	0	1	user.xp:4100,user.gold:47000,user.hero_exp:79500		1	1000487	1000001|1000002	806	989	1856	0.4311
488	10	10488	0	0	1	user.xp:4200,user.gold:47000,user.hero_exp:80600		1	1000488	1000001|1000002	806	990	1857	0.4321
489	10	10489	0	0	1	user.bindcash:20,user.xp:4200,user.gold:47000,user.hero_exp:80600		1	1000489	1000001|1000002	807	991	1859	0.433
490	10	10490	0	0	1	user.xp:4200,user.gold:48000,user.hero_exp:81800		1	1000490	1000001|1000002	808	992	1861	0.4339
491	10	10491	0	0	1	user.xp:4200,user.gold:48000,user.hero_exp:81800		1	1000491	1000001|1000002	809	993	1862	0.4349
492	10	10492	0	0	1	user.bindcash:20,user.xp:4200,user.gold:48000,user.hero_exp:81800		1	1000492	1000001|1000002	810	994	1864	0.4358
493	10	10493	0	0	1	user.xp:4300,user.gold:49000,user.hero_exp:82900		1	1000493	1000001|1000002	810	995	1866	0.4368
494	10	10494	0	0	1	user.xp:4300,user.gold:49000,user.hero_exp:82900		1	1000494	1000001|1000002	811	996	1868	0.4377
495	10	10495	0	0	1	user.bindcash:20,user.xp:4400,user.gold:49000,user.hero_exp:84200		1	1000495	1000001|1000002	812	997	1869	0.4387
496	10	10496	0	0	1	user.xp:4400,user.gold:49000,user.hero_exp:84200		1	1000496	1000001|1000002	813	998	1871	0.4397
497	10	10497	0	0	1	user.xp:4400,user.gold:49000,user.hero_exp:84200		1	1000497	1000001|1000002	814	999	1873	0.4406
498	10	10498	0	0	1	user.bindcash:20,user.xp:4400,user.gold:50000,user.hero_exp:85400		1	1000498	1000001|1000002	814	999	1874	0.4416
499	10	10499	0	0	1	user.xp:4400,user.gold:50000,user.hero_exp:85400		1	1000499	1000001|1000002	815	1000	1876	0.4426
500	10	10500	0	0	1	user.xp:4500,user.gold:50000,user.hero_exp:85900		1	1000500	1000001|1000002	816	1001	1878	0.4436
501	10	10501	0	0	1	user.bindcash:20,user.xp:4500,user.gold:50000,user.hero_exp:85900		1	1000501	1000001|1000002	817	1002	1880	0.4446
502	10	10502	0	0	1	user.xp:4500,user.gold:50000,user.hero_exp:85900		1	1000502	1000001|1000002	818	1003	1882	0.4456
503	10	10503	0	0	1	user.xp:4500,user.gold:51000,user.hero_exp:86400		1	1000503	1000001|1000002	819	1004	1883	0.4466
504	10	10504	0	0	1	user.bindcash:20,user.xp:4500,user.gold:51000,user.hero_exp:86400		1	1000504	1000001|1000002	819	1005	1885	0.4476
505	10	10505	0	0	1	user.xp:4500,user.gold:51000,user.hero_exp:86900		1	1000505	1000001|1000002	820	1006	1887	0.4486
506	10	10506	0	0	1	user.xp:4500,user.gold:51000,user.hero_exp:86900		1	1000506	1000001|1000002	821	1007	1889	0.4496
507	10	10507	0	0	1	user.bindcash:20,user.xp:4500,user.gold:51000,user.hero_exp:86900		1	1000507	1000001|1000002	822	1008	1891	0.4506
508	10	10508	0	0	1	user.xp:4500,user.gold:51000,user.hero_exp:87500		1	1000508	1000001|1000002	823	1009	1892	0.4516
509	10	10509	0	0	1	user.xp:4500,user.gold:51000,user.hero_exp:87500		1	1000509	1000001|1000002	824	1010	1894	0.4526
510	10	10510	0	0	1	user.bindcash:20,user.xp:4600,user.gold:52000,user.hero_exp:88100		1	1000510	1000001|1000002	825	1011	1896	0.4537
511	10	10511	0	0	1	user.xp:4600,user.gold:52000,user.hero_exp:88100		1	1000511	1000001|1000002	825	1012	1898	0.4547
512	10	10512	0	0	1	user.xp:4600,user.gold:52000,user.hero_exp:88100		1	1000512	1000001|1000002	826	1013	1900	0.4557
513	10	10513	0	0	1	user.bindcash:20,user.xp:4600,user.gold:52000,user.hero_exp:88800		1	1000513	1000001|1000002	827	1014	1902	0.4568
514	10	10514	0	0	1	user.xp:4600,user.gold:52000,user.hero_exp:88800		1	1000514	1000001|1000002	828	1015	1904	0.4578
515	10	10515	0	0	1	user.xp:4600,user.gold:52000,user.hero_exp:89500		1	1000515	1000001|1000002	829	1016	1906	0.4589
516	10	10516	0	0	1	user.bindcash:20,user.xp:4600,user.gold:52000,user.hero_exp:89500		1	1000516	1000001|1000002	830	1017	1908	0.46
517	10	10517	0	0	1	user.xp:4600,user.gold:52000,user.hero_exp:89500		1	1000517	1000001|1000002	831	1018	1909	0.461
518	10	10518	0	0	1	user.xp:4700,user.gold:53000,user.hero_exp:90200		1	1000518	1000001|1000002	832	1019	1911	0.4621
519	10	10519	0	0	1	user.bindcash:20,user.xp:4700,user.gold:53000,user.hero_exp:90200		1	1000519	1000001|1000002	833	1020	1913	0.4632
520	10	10520	0	0	1	user.xp:4700,user.gold:53000,user.hero_exp:91000		1	1000520	1000001|1000002	833	1021	1915	0.4642
521	10	10521	0	0	1	user.xp:4700,user.gold:53000,user.hero_exp:91000		1	1000521	1000001|1000002	834	1022	1917	0.4653
522	10	10522	0	0	1	user.bindcash:20,user.xp:4700,user.gold:53000,user.hero_exp:91000		1	1000522	1000001|1000002	835	1023	1919	0.4664
523	10	10523	0	0	1	user.xp:4800,user.gold:54000,user.hero_exp:91800		1	1000523	1000001|1000002	836	1024	1921	0.4675
524	10	10524	0	0	1	user.xp:4800,user.gold:54000,user.hero_exp:91800		1	1000524	1000001|1000002	837	1025	1923	0.4686
525	10	10525	0	0	1	user.bindcash:20,user.xp:4800,user.gold:54000,user.hero_exp:92700		1	1000525	1000001|1000002	838	1026	1925	0.4697
526	10	10526	0	0	1	user.xp:4800,user.gold:54000,user.hero_exp:92700		1	1000526	1000001|1000002	839	1028	1927	0.4708
527	10	10527	0	0	1	user.xp:4800,user.gold:54000,user.hero_exp:92700		1	1000527	1000001|1000002	840	1029	1929	0.4719
528	10	10528	0	0	1	user.bindcash:20,user.xp:4900,user.gold:55000,user.hero_exp:93600		1	1000528	1000001|1000002	841	1030	1931	0.473
529	10	10529	0	0	1	user.xp:4900,user.gold:55000,user.hero_exp:93600		1	1000529	1000001|1000002	842	1031	1933	0.4741
530	10	10530	0	0	1	user.xp:4900,user.gold:55000,user.hero_exp:94600		1	1000530	1000001|1000002	843	1032	1935	0.4752
531	10	10531	0	0	1	user.bindcash:20,user.xp:4900,user.gold:55000,user.hero_exp:94600		1	1000531	1000001|1000002	844	1033	1937	0.4764
532	10	10532	0	0	1	user.xp:4900,user.gold:55000,user.hero_exp:94600		1	1000532	1000001|1000002	845	1034	1939	0.4775
533	10	10533	0	0	1	user.xp:5000,user.gold:56000,user.hero_exp:95600		1	1000533	1000001|1000002	846	1035	1941	0.4786
534	10	10534	0	0	1	user.bindcash:20,user.xp:5000,user.gold:56000,user.hero_exp:95600		1	1000534	1000001|1000002	847	1036	1943	0.4798
535	10	10535	0	0	1	user.xp:5000,user.gold:57000,user.hero_exp:96600		1	1000535	1000001|1000002	848	1037	1945	0.4809
536	10	10536	0	0	1	user.xp:5000,user.gold:57000,user.hero_exp:96600		1	1000536	1000001|1000002	848	1038	1947	0.4821
537	10	10537	0	0	1	user.bindcash:20,user.xp:5000,user.gold:57000,user.hero_exp:96600		1	1000537	1000001|1000002	849	1039	1949	0.4832
538	10	10538	0	0	1	user.xp:5100,user.gold:57000,user.hero_exp:97700		1	1000538	1000001|1000002	850	1041	1952	0.4844
539	10	10539	0	0	1	user.xp:5100,user.gold:57000,user.hero_exp:97700		1	1000539	1000001|1000002	851	1042	1954	0.4856
540	10	10540	0	0	1	user.bindcash:20,user.xp:5100,user.gold:58000,user.hero_exp:98800		1	1000540	1000001|1000002	852	1043	1956	0.4867
541	10	10541	0	0	1	user.xp:5100,user.gold:58000,user.hero_exp:98800		1	1000541	1000001|1000002	853	1044	1958	0.4879
542	10	10542	0	0	1	user.xp:5100,user.gold:58000,user.hero_exp:98800		1	1000542	1000001|1000002	854	1045	1960	0.4891
543	10	10543	0	0	1	user.bindcash:20,user.xp:5200,user.gold:59000,user.hero_exp:100000		1	1000543	1000001|1000002	855	1046	1962	0.4903
544	10	10544	0	0	1	user.xp:5200,user.gold:59000,user.hero_exp:100000		1	1000544	1000001|1000002	856	1047	1964	0.4914
545	10	10545	0	0	1	user.xp:5200,user.gold:59000,user.hero_exp:101200		1	1000545	1000001|1000002	857	1048	1966	0.4926
546	10	10546	0	0	1	user.bindcash:20,user.xp:5200,user.gold:59000,user.hero_exp:101200		1	1000546	1000001|1000002	858	1050	1968	0.4938
547	10	10547	0	0	1	user.xp:5200,user.gold:59000,user.hero_exp:101200		1	1000547	1000001|1000002	859	1051	1971	0.495
548	10	10548	0	0	1	user.xp:5300,user.gold:60000,user.hero_exp:102500		1	1000548	1000001|1000002	860	1052	1973	0.4962
549	10	10549	0	0	1	user.bindcash:20,user.xp:5300,user.gold:60000,user.hero_exp:102500		1	1000549	1000001|1000002	861	1053	1975	0.4975
550	10	10550	0	0	1	user.xp:5300,user.gold:60000,user.hero_exp:102900		1	1000550	1000001|1000002	862	1054	1977	0.4987
551	10	10551	0	0	1	user.xp:5300,user.gold:60000,user.hero_exp:102900		1	1000551	1000001|1000002	863	1055	1979	0.4999
552	10	10552	0	0	1	user.bindcash:20,user.xp:5300,user.gold:60000,user.hero_exp:102900		1	1000552	1000001|1000002	864	1057	1982	0.5011
553	10	10553	0	0	1	user.xp:5400,user.gold:61000,user.hero_exp:103400		1	1000553	1000001|1000002	866	1058	1984	0.5023
554	10	10554	0	0	1	user.xp:5400,user.gold:61000,user.hero_exp:103400		1	1000554	1000001|1000002	867	1059	1986	0.5036
555	10	10555	0	0	1	user.bindcash:20,user.xp:5400,user.gold:61000,user.hero_exp:104000		1	1000555	1000001|1000002	868	1060	1988	0.5048
556	10	10556	0	0	1	user.xp:5400,user.gold:61000,user.hero_exp:104000		1	1000556	1000001|1000002	869	1061	1990	0.506
557	10	10557	0	0	1	user.xp:5400,user.gold:61000,user.hero_exp:104000		1	1000557	1000001|1000002	870	1063	1993	0.5073
558	10	10558	0	0	1	user.bindcash:20,user.xp:5400,user.gold:61000,user.hero_exp:104500		1	1000558	1000001|1000002	871	1064	1995	0.5085
559	10	10559	0	0	1	user.xp:5400,user.gold:61000,user.hero_exp:104500		1	1000559	1000001|1000002	872	1065	1997	0.5098
560	10	10560	0	0	1	user.xp:5400,user.gold:62000,user.hero_exp:105200		1	1000560	1000001|1000002	873	1066	2000	0.5111
561	10	10561	0	0	1	user.bindcash:20,user.xp:5400,user.gold:62000,user.hero_exp:105200		1	1000561	1000001|1000002	874	1067	2002	0.5123
562	10	10562	0	0	1	user.xp:5400,user.gold:62000,user.hero_exp:105200		1	1000562	1000001|1000002	875	1069	2004	0.5136
563	10	10563	0	0	1	user.xp:5500,user.gold:62000,user.hero_exp:105800		1	1000563	1000001|1000002	876	1070	2006	0.5149
564	10	10564	0	0	1	user.bindcash:20,user.xp:5500,user.gold:62000,user.hero_exp:105800		1	1000564	1000001|1000002	877	1071	2009	0.5161
565	10	10565	0	0	1	user.xp:5500,user.gold:62000,user.hero_exp:106500		1	1000565	1000001|1000002	878	1072	2011	0.5174
566	10	10566	0	0	1	user.xp:5500,user.gold:62000,user.hero_exp:106500		1	1000566	1000001|1000002	879	1074	2013	0.5187
567	10	10567	0	0	1	user.bindcash:20,user.xp:5500,user.gold:62000,user.hero_exp:106500		1	1000567	1000001|1000002	880	1075	2016	0.52
568	10	10568	0	0	1	user.xp:5600,user.gold:63000,user.hero_exp:107300		1	1000568	1000001|1000002	881	1076	2018	0.5213
569	10	10569	0	0	1	user.xp:5600,user.gold:63000,user.hero_exp:107300		1	1000569	1000001|1000002	883	1077	2020	0.5226
570	10	10570	0	0	1	user.bindcash:20,user.xp:5600,user.gold:63000,user.hero_exp:108100		1	1000570	1000001|1000002	884	1079	2023	0.5239
571	10	10571	0	0	1	user.xp:5600,user.gold:63000,user.hero_exp:108100		1	1000571	1000001|1000002	885	1080	2025	0.5252
572	10	10572	0	0	1	user.xp:5600,user.gold:63000,user.hero_exp:108100		1	1000572	1000001|1000002	886	1081	2027	0.5265
573	10	10573	0	0	1	user.bindcash:20,user.xp:5600,user.gold:64000,user.hero_exp:108900		1	1000573	1000001|1000002	887	1082	2030	0.5279
574	10	10574	0	0	1	user.xp:5600,user.gold:64000,user.hero_exp:108900		1	1000574	1000001|1000002	888	1084	2032	0.5292
575	10	10575	0	0	1	user.xp:5700,user.gold:64000,user.hero_exp:109800		1	1000575	1000001|1000002	889	1085	2035	0.5305
576	10	10576	arena5	0	1	user.bindcash:20,user.xp:5700,user.gold:64000,user.hero_exp:109800		1	1000576	1000001|1000002	890	1086	2037	0.5319
577	10	10577	0	0	1	user.xp:5700,user.gold:64000,user.hero_exp:109800		1	1000577	1000001|1000002	891	1087	2039	0.5332
578	10	10578	0	0	1	user.xp:5700,user.gold:65000,user.hero_exp:110700		1	1000578	1000001|1000002	893	1089	2042	0.5345
579	10	10579	0	0	1	user.bindcash:20,user.xp:5700,user.gold:65000,user.hero_exp:110700		1	1000579	1000001|1000002	894	1090	2044	0.5359
580	10	10580	0	0	1	user.xp:5800,user.gold:65000,user.hero_exp:111600		1	1000580	1000001|1000002	895	1091	2047	0.5372
581	10	10581	0	0	1	user.xp:5800,user.gold:65000,user.hero_exp:111600		1	1000581	1000001|1000002	896	1093	2049	0.5386
582	10	10582	0	0	1	user.bindcash:20,user.xp:5800,user.gold:65000,user.hero_exp:111600		1	1000582	1000001|1000002	897	1094	2052	0.54
583	10	10583	0	0	1	user.xp:5800,user.gold:66000,user.hero_exp:112700		1	1000583	1000001|1000002	898	1095	2054	0.5413
584	10	10584	0	0	1	user.xp:5800,user.gold:66000,user.hero_exp:112700		1	1000584	1000001|1000002	899	1097	2056	0.5427
585	10	10585	0	0	1	user.bindcash:20,user.xp:5900,user.gold:67000,user.hero_exp:113700		1	1000585	1000001|1000002	901	1098	2059	0.5441
586	10	10586	0	0	1	user.xp:5900,user.gold:67000,user.hero_exp:113700		1	1000586	1000001|1000002	902	1099	2061	0.5454
587	10	10587	0	0	1	user.xp:5900,user.gold:67000,user.hero_exp:113700		1	1000587	1000001|1000002	903	1101	2064	0.5468
588	10	10588	0	0	1	user.bindcash:20,user.xp:5900,user.gold:67000,user.hero_exp:114800		1	1000588	1000001|1000002	904	1102	2066	0.5482
589	10	10589	0	0	1	user.xp:5900,user.gold:67000,user.hero_exp:114800		1	1000589	1000001|1000002	905	1103	2069	0.5496
590	10	10590	0	0	1	user.xp:6000,user.gold:68000,user.hero_exp:115900		1	1000590	1000001|1000002	906	1105	2071	0.551
591	10	10591	0	0	1	user.bindcash:20,user.xp:6000,user.gold:68000,user.hero_exp:115900		1	1000591	1000001|1000002	908	1106	2074	0.5524
592	10	10592	0	0	1	user.xp:6000,user.gold:68000,user.hero_exp:115900		1	1000592	1000001|1000002	909	1107	2076	0.5538
593	10	10593	0	0	1	user.xp:6100,user.gold:69000,user.hero_exp:117100		1	1000593	1000001|1000002	910	1109	2079	0.5552
594	10	10594	0	0	1	user.bindcash:20,user.xp:6100,user.gold:69000,user.hero_exp:117100		1	1000594	1000001|1000002	911	1110	2082	0.5566
595	10	10595	0	0	1	user.xp:6100,user.gold:69000,user.hero_exp:118300		1	1000595	1000001|1000002	912	1111	2084	0.5581
596	10	10596	0	0	1	user.xp:6100,user.gold:69000,user.hero_exp:118300		1	1000596	1000001|1000002	914	1113	2087	0.5595
597	10	10597	0	0	1	user.bindcash:20,user.xp:6100,user.gold:69000,user.hero_exp:118300		1	1000597	1000001|1000002	915	1114	2089	0.5609
598	10	10598	0	0	1	user.xp:6200,user.gold:70000,user.hero_exp:119600		1	1000598	1000001|1000002	916	1115	2092	0.5624
599	10	10599	0	0	1	user.xp:6200,user.gold:70000,user.hero_exp:119600		1	1000599	1000001|1000002	917	1117	2094	0.5638
600	10	10600	0	0	1	user.bindcash:20,user.xp:6200,user.gold:70000,user.hero_exp:120000		1	1000600	1000001|1000002	918	1118	2097	0.5652
601	10	10601	0	0	1	user.xp:6200,user.gold:70000,user.hero_exp:120000		1	1000601	1000001|1000002	920	1120	2100	0.5667
602	10	10602	0	0	1	user.xp:6200,user.gold:70000,user.hero_exp:120000		1	1000602	1000001|1000002	921	1121	2102	0.5681
603	10	10603	0	0	1	user.bindcash:25,user.xp:6200,user.gold:71000,user.hero_exp:120500		1	1000603	1000001|1000002	922	1122	2105	0.5696
604	10	10604	0	0	1	user.xp:6200,user.gold:71000,user.hero_exp:120500		1	1000604	1000001|1000002	923	1124	2108	0.5711
605	10	10605	0	0	1	user.xp:6300,user.gold:71000,user.hero_exp:121000		1	1000605	1000001|1000002	924	1125	2110	0.5725
606	10	10606	0	0	1	user.bindcash:25,user.xp:6300,user.gold:71000,user.hero_exp:121000		1	1000606	1000001|1000002	926	1127	2113	0.574
607	10	10607	0	0	1	user.xp:6300,user.gold:71000,user.hero_exp:121000		1	1000607	1000001|1000002	927	1128	2115	0.5755
608	10	10608	0	0	1	user.xp:6300,user.gold:71000,user.hero_exp:121600		1	1000608	1000001|1000002	928	1129	2118	0.577
609	10	10609	0	0	1	user.bindcash:25,user.xp:6300,user.gold:71000,user.hero_exp:121600		1	1000609	1000001|1000002	929	1131	2121	0.5784
610	10	10610	0	0	1	user.xp:6300,user.gold:72000,user.hero_exp:122200		1	1000610	1000001|1000002	931	1132	2123	0.5799
611	10	10611	0	0	1	user.xp:6300,user.gold:72000,user.hero_exp:122200		1	1000611	1000001|1000002	932	1134	2126	0.5814
612	10	10612	0	0	1	user.bindcash:25,user.xp:6300,user.gold:72000,user.hero_exp:122200		1	1000612	1000001|1000002	933	1135	2129	0.5829
613	10	10613	0	0	1	user.xp:6400,user.gold:72000,user.hero_exp:122900		1	1000613	1000001|1000002	934	1137	2132	0.5844
614	10	10614	0	0	1	user.xp:6400,user.gold:72000,user.hero_exp:122900		1	1000614	1000001|1000002	936	1138	2134	0.5859
615	10	10615	0	0	1	user.bindcash:25,user.xp:6400,user.gold:72000,user.hero_exp:123600		1	1000615	1000001|1000002	937	1140	2137	0.5875
616	10	10616	0	0	1	user.xp:6400,user.gold:72000,user.hero_exp:123600		1	1000616	1000001|1000002	938	1141	2140	0.589
617	10	10617	0	0	1	user.xp:6400,user.gold:72000,user.hero_exp:123600		1	1000617	1000001|1000002	940	1142	2142	0.5905
618	10	10618	0	0	1	user.bindcash:25,user.xp:6400,user.gold:73000,user.hero_exp:124400		1	1000618	1000001|1000002	941	1144	2145	0.592
619	10	10619	0	0	1	user.xp:6400,user.gold:73000,user.hero_exp:124400		1	1000619	1000001|1000002	942	1145	2148	0.5935
620	10	10620	0	0	1	user.xp:6500,user.gold:73000,user.hero_exp:125100		1	1000620	1000001|1000002	943	1147	2151	0.5951
621	10	10621	0	0	1	user.bindcash:25,user.xp:6500,user.gold:73000,user.hero_exp:125100		1	1000621	1000001|1000002	945	1148	2154	0.5966
622	10	10622	0	0	1	user.xp:6500,user.gold:73000,user.hero_exp:125100		1	1000622	1000001|1000002	946	1150	2156	0.5982
623	10	10623	0	0	1	user.xp:6500,user.gold:74000,user.hero_exp:126000		1	1000623	1000001|1000002	947	1151	2159	0.5997
624	10	10624	0	0	1	user.bindcash:25,user.xp:6500,user.gold:74000,user.hero_exp:126000		1	1000624	1000001|1000002	949	1153	2162	0.6013
625	10	10625	0	0	1	user.xp:6600,user.gold:74000,user.hero_exp:126800		1	1000625	1000001|1000002	950	1154	2165	0.6028
626	10	10626	0	0	1	user.xp:6600,user.gold:74000,user.hero_exp:126800		1	1000626	1000001|1000002	951	1156	2168	0.6044
627	10	10627	0	0	1	user.bindcash:25,user.xp:6600,user.gold:74000,user.hero_exp:126800		1	1000627	1000001|1000002	953	1157	2170	0.606
628	10	10628	0	0	1	user.xp:6600,user.gold:75000,user.hero_exp:127800		1	1000628	1000001|1000002	954	1159	2173	0.6075
629	10	10629	0	0	1	user.xp:6600,user.gold:75000,user.hero_exp:127800		1	1000629	1000001|1000002	955	1160	2176	0.6091
630	10	10630	0	0	1	user.bindcash:25,user.xp:6700,user.gold:75000,user.hero_exp:128700		1	1000630	1000001|1000002	957	1162	2179	0.6107
631	10	10631	0	0	1	user.xp:6700,user.gold:75000,user.hero_exp:128700		1	1000631	1000001|1000002	958	1163	2182	0.6123
632	10	10632	0	0	1	user.xp:6700,user.gold:75000,user.hero_exp:128700		1	1000632	1000001|1000002	959	1165	2185	0.6139
633	10	10633	0	0	1	user.bindcash:25,user.xp:6700,user.gold:76000,user.hero_exp:129700		1	1000633	1000001|1000002	961	1166	2187	0.6155
634	10	10634	0	0	1	user.xp:6700,user.gold:76000,user.hero_exp:129700		1	1000634	1000001|1000002	962	1168	2190	0.6171
635	10	10635	0	0	1	user.xp:6800,user.gold:76000,user.hero_exp:130800		1	1000635	1000001|1000002	963	1169	2193	0.6187
636	10	10636	0	0	1	user.bindcash:25,user.xp:6800,user.gold:76000,user.hero_exp:130800		1	1000636	1000001|1000002	965	1171	2196	0.6203
637	10	10637	0	0	1	user.xp:6800,user.gold:76000,user.hero_exp:130800		1	1000637	1000001|1000002	966	1173	2199	0.6219
638	10	10638	0	0	1	user.xp:6800,user.gold:77000,user.hero_exp:131900		1	1000638	1000001|1000002	967	1174	2202	0.6235
639	10	10639	0	0	1	user.bindcash:25,user.xp:6800,user.gold:77000,user.hero_exp:131900		1	1000639	1000001|1000002	969	1176	2205	0.6251
640	10	10640	0	0	1	user.xp:6900,user.gold:78000,user.hero_exp:133000		1	1000640	1000001|1000002	970	1177	2208	0.6268
641	10	10641	0	0	1	user.xp:6900,user.gold:78000,user.hero_exp:133000		1	1000641	1000001|1000002	971	1179	2211	0.6284
642	10	10642	0	0	1	user.bindcash:25,user.xp:6900,user.gold:78000,user.hero_exp:133000		1	1000642	1000001|1000002	973	1180	2214	0.63
643	10	10643	0	0	1	user.xp:6900,user.gold:78000,user.hero_exp:134200		1	1000643	1000001|1000002	974	1182	2217	0.6317
644	10	10644	0	0	1	user.xp:6900,user.gold:78000,user.hero_exp:134200		1	1000644	1000001|1000002	976	1184	2220	0.6333
645	10	10645	0	0	1	user.bindcash:25,user.xp:7000,user.gold:79000,user.hero_exp:135400		1	1000645	1000001|1000002	977	1185	2223	0.635
646	10	10646	0	0	1	user.xp:7000,user.gold:79000,user.hero_exp:135400		1	1000646	1000001|1000002	978	1187	2226	0.6366
647	10	10647	0	0	1	user.xp:7000,user.gold:79000,user.hero_exp:135400		1	1000647	1000001|1000002	980	1188	2229	0.6383
648	10	10648	0	0	1	user.bindcash:25,user.xp:7100,user.gold:80000,user.hero_exp:136600		1	1000648	1000001|1000002	981	1190	2232	0.64
649	10	10649	0	0	1	user.xp:7100,user.gold:80000,user.hero_exp:136600		1	1000649	1000001|1000002	983	1192	2235	0.6416
650	10	10650	0	0	1	user.xp:7100,user.gold:80000,user.hero_exp:137100		1	1000650	1000001|1000002	984	1193	2238	0.6433
651	10	10651	0	0	1	user.bindcash:25,user.xp:7100,user.gold:80000,user.hero_exp:137100		1	1000651	1000001|1000002	985	1195	2241	0.645
652	10	10652	0	0	1	user.xp:7100,user.gold:80000,user.hero_exp:137100		1	1000652	1000001|1000002	987	1196	2244	0.6467
653	10	10653	0	0	1	user.xp:7100,user.gold:80000,user.hero_exp:137600		1	1000653	1000001|1000002	988	1198	2247	0.6483
654	10	10654	0	0	1	user.bindcash:25,user.xp:7100,user.gold:80000,user.hero_exp:137600		1	1000654	1000001|1000002	990	1200	2250	0.65
655	10	10655	0	0	1	user.xp:7100,user.gold:81000,user.hero_exp:138100		1	1000655	1000001|1000002	991	1201	2253	0.6517
656	10	10656	0	0	1	user.xp:7100,user.gold:81000,user.hero_exp:138100		1	1000656	1000001|1000002	992	1203	2256	0.6534
657	10	10657	0	0	1	user.bindcash:25,user.xp:7100,user.gold:81000,user.hero_exp:138100		1	1000657	1000001|1000002	994	1204	2259	0.6551
658	10	10658	0	0	1	user.xp:7200,user.gold:81000,user.hero_exp:138700		1	1000658	1000001|1000002	995	1206	2262	0.6568
659	10	10659	0	0	1	user.xp:7200,user.gold:81000,user.hero_exp:138700		1	1000659	1000001|1000002	997	1208	2265	0.6586
660	10	10660	0	0	1	user.bindcash:25,user.xp:7200,user.gold:81000,user.hero_exp:139300		1	1000660	1000001|1000002	998	1209	2268	0.6603
661	10	10661	0	0	1	user.xp:7200,user.gold:81000,user.hero_exp:139300		1	1000661	1000001|1000002	1000	1211	2271	0.662
662	10	10662	0	0	1	user.xp:7200,user.gold:81000,user.hero_exp:139300		1	1000662	1000001|1000002	1001	1213	2274	0.6637
663	10	10663	0	0	1	user.bindcash:25,user.xp:7200,user.gold:82000,user.hero_exp:140000		1	1000663	1000001|1000002	1003	1214	2277	0.6655
664	10	10664	0	0	1	user.xp:7200,user.gold:82000,user.hero_exp:140000		1	1000664	1000001|1000002	1004	1216	2281	0.6672
665	10	10665	0	0	1	user.xp:7300,user.gold:82000,user.hero_exp:140700		1	1000665	1000001|1000002	1005	1218	2284	0.6689
666	10	10666	0	0	1	user.bindcash:25,user.xp:7300,user.gold:82000,user.hero_exp:140700		1	1000666	1000001|1000002	1007	1219	2287	0.6707
667	10	10667	0	0	1	user.xp:7300,user.gold:82000,user.hero_exp:140700		1	1000667	1000001|1000002	1008	1221	2290	0.6724
668	10	10668	0	0	1	user.xp:7300,user.gold:83000,user.hero_exp:141400		1	1000668	1000001|1000002	1010	1223	2293	0.6742
669	10	10669	0	0	1	user.bindcash:25,user.xp:7300,user.gold:83000,user.hero_exp:141400		1	1000669	1000001|1000002	1011	1224	2296	0.676
670	10	10670	0	0	1	user.xp:7300,user.gold:83000,user.hero_exp:142200		1	1000670	1000001|1000002	1013	1226	2300	0.6777
671	10	10671	0	0	1	user.xp:7300,user.gold:83000,user.hero_exp:142200		1	1000671	1000001|1000002	1014	1228	2303	0.6795
672	10	10672	0	0	1	user.bindcash:25,user.xp:7300,user.gold:83000,user.hero_exp:142200		1	1000672	1000001|1000002	1016	1230	2306	0.6813
673	10	10673	0	0	1	user.xp:7400,user.gold:84000,user.hero_exp:143000		1	1000673	1000001|1000002	1017	1231	2309	0.6831
674	10	10674	0	0	1	user.xp:7400,user.gold:84000,user.hero_exp:143000		1	1000674	1000001|1000002	1019	1233	2312	0.6848
675	10	10675	0	0	1	user.bindcash:25,user.xp:7400,user.gold:84000,user.hero_exp:143900		1	1000675	1000001|1000002	1020	1235	2316	0.6866
676	10	10676	0	0	1	user.xp:7400,user.gold:84000,user.hero_exp:143900		1	1000676	1000001|1000002	1022	1236	2319	0.6884
677	10	10677	0	0	1	user.xp:7400,user.gold:84000,user.hero_exp:143900		1	1000677	1000001|1000002	1023	1238	2322	0.6902
678	10	10678	0	0	1	user.bindcash:25,user.xp:7500,user.gold:85000,user.hero_exp:144800		1	1000678	1000001|1000002	1025	1240	2325	0.692
679	10	10679	0	0	1	user.xp:7500,user.gold:85000,user.hero_exp:144800		1	1000679	1000001|1000002	1026	1242	2328	0.6938
680	10	10680	0	0	1	user.xp:7500,user.gold:85000,user.hero_exp:145800		1	1000680	1000001|1000002	1028	1243	2332	0.6956
681	10	10681	0	0	1	user.bindcash:25,user.xp:7500,user.gold:85000,user.hero_exp:145800		1	1000681	1000001|1000002	1029	1245	2335	0.6975
682	10	10682	0	0	1	user.xp:7500,user.gold:85000,user.hero_exp:145800		1	1000682	1000001|1000002	1031	1247	2338	0.6993
683	10	10683	0	0	1	user.xp:7600,user.gold:86000,user.hero_exp:146800		1	1000683	1000001|1000002	1032	1249	2342	0.7011
684	10	10684	0	0	1	user.bindcash:25,user.xp:7600,user.gold:86000,user.hero_exp:146800		1	1000684	1000001|1000002	1034	1250	2345	0.7029
685	10	10685	0	0	1	user.xp:7600,user.gold:86000,user.hero_exp:147800		1	1000685	1000001|1000002	1036	1252	2348	0.7048
686	10	10686	0	0	1	user.xp:7600,user.gold:86000,user.hero_exp:147800		1	1000686	1000001|1000002	1037	1254	2351	0.7066
687	10	10687	0	0	1	user.bindcash:25,user.xp:7600,user.gold:86000,user.hero_exp:147800		1	1000687	1000001|1000002	1039	1256	2355	0.7084
688	10	10688	0	0	1	user.xp:7700,user.gold:87000,user.hero_exp:148900		1	1000688	1000001|1000002	1040	1257	2358	0.7103
689	10	10689	0	0	1	user.xp:7700,user.gold:87000,user.hero_exp:148900		1	1000689	1000001|1000002	1042	1259	2361	0.7121
690	10	10690	0	0	1	user.bindcash:25,user.xp:7700,user.gold:88000,user.hero_exp:150100		1	1000690	1000001|1000002	1043	1261	2365	0.714
691	10	10691	0	0	1	user.xp:7700,user.gold:88000,user.hero_exp:150100		1	1000691	1000001|1000002	1045	1263	2368	0.7159
692	10	10692	0	0	1	user.xp:7700,user.gold:88000,user.hero_exp:150100		1	1000692	1000001|1000002	1046	1265	2372	0.7177
693	10	10693	0	0	1	user.bindcash:25,user.xp:7800,user.gold:88000,user.hero_exp:151200		1	1000693	1000001|1000002	1048	1266	2375	0.7196
694	10	10694	0	0	1	user.xp:7800,user.gold:88000,user.hero_exp:151200		1	1000694	1000001|1000002	1050	1268	2378	0.7215
695	10	10695	0	0	1	user.xp:7900,user.gold:89000,user.hero_exp:152500		1	1000695	1000001|1000002	1051	1270	2382	0.7234
696	10	10696	0	0	1	user.bindcash:25,user.xp:7900,user.gold:89000,user.hero_exp:152500		1	1000696	1000001|1000002	1053	1272	2385	0.7252
697	10	10697	0	0	1	user.xp:7900,user.gold:89000,user.hero_exp:152500		1	1000697	1000001|1000002	1054	1274	2388	0.7271
698	10	10698	0	0	1	user.xp:7900,user.gold:90000,user.hero_exp:153700		1	1000698	1000001|1000002	1056	1275	2392	0.729
699	10	10699	0	0	1	user.bindcash:25,user.xp:7900,user.gold:90000,user.hero_exp:153700		1	1000699	1000001|1000002	1058	1277	2395	0.7309
700	10	10700	0	0	1	user.xp:8000,user.gold:90000,user.hero_exp:154200		1	1000700	1000001|1000002	1059	1279	2399	0.7328
701	10	10701	0	0	1	user.xp:8000,user.gold:90000,user.hero_exp:154200		1	1000701	1000001|1000002	1061	1281	2402	0.7347
702	10	10702	0	0	1	user.bindcash:25,user.xp:8000,user.gold:90000,user.hero_exp:154200		1	1000702	1000001|1000002	1062	1283	2406	0.7366
703	10	10703	0	0	1	user.xp:8000,user.gold:90000,user.hero_exp:154700		1	1000703	1000001|1000002	1064	1285	2409	0.7386
704	10	10704	0	0	1	user.xp:8000,user.gold:90000,user.hero_exp:154700		1	1000704	1000001|1000002	1066	1286	2412	0.7405
705	10	10705	0	0	1	user.bindcash:25,user.xp:8000,user.gold:91000,user.hero_exp:155200		1	1000705	1000001|1000002	1067	1288	2416	0.7424
706	10	10706	0	0	1	user.xp:8000,user.gold:91000,user.hero_exp:155200		1	1000706	1000001|1000002	1069	1290	2419	0.7443
707	10	10707	0	0	1	user.xp:8000,user.gold:91000,user.hero_exp:155200		1	1000707	1000001|1000002	1070	1292	2423	0.7463
708	10	10708	0	0	1	user.bindcash:25,user.xp:8000,user.gold:91000,user.hero_exp:155800		1	1000708	1000001|1000002	1072	1294	2426	0.7482
709	10	10709	0	0	1	user.xp:8000,user.gold:91000,user.hero_exp:155800		1	1000709	1000001|1000002	1074	1296	2430	0.7502
710	10	10710	0	0	1	user.xp:8100,user.gold:91000,user.hero_exp:156400		1	1000710	1000001|1000002	1075	1298	2433	0.7521
711	10	10711	0	0	1	user.bindcash:25,user.xp:8100,user.gold:91000,user.hero_exp:156400		1	1000711	1000001|1000002	1077	1299	2437	0.7541
712	10	10712	0	0	1	user.xp:8100,user.gold:91000,user.hero_exp:156400		1	1000712	1000001|1000002	1079	1301	2440	0.756
713	10	10713	0	0	1	user.xp:8100,user.gold:92000,user.hero_exp:157100		1	1000713	1000001|1000002	1080	1303	2444	0.758
714	10	10714	0	0	1	user.bindcash:25,user.xp:8100,user.gold:92000,user.hero_exp:157100		1	1000714	1000001|1000002	1082	1305	2448	0.76
715	10	10715	0	0	1	user.xp:8100,user.gold:92000,user.hero_exp:157800		1	1000715	1000001|1000002	1084	1307	2451	0.7619
716	10	10716	0	0	1	user.xp:8100,user.gold:92000,user.hero_exp:157800		1	1000716	1000001|1000002	1085	1309	2455	0.7639
717	10	10717	0	0	1	user.bindcash:25,user.xp:8100,user.gold:92000,user.hero_exp:157800		1	1000717	1000001|1000002	1087	1311	2458	0.7659
718	10	10718	0	0	1	user.xp:8200,user.gold:93000,user.hero_exp:158500		1	1000718	1000001|1000002	1089	1313	2462	0.7679
719	10	10719	0	0	1	user.xp:8200,user.gold:93000,user.hero_exp:158500		1	1000719	1000001|1000002	1090	1315	2465	0.7699
720	10	10720	0	0	1	user.bindcash:25,user.xp:8200,user.gold:93000,user.hero_exp:159300		1	1000720	1000001|1000002	1092	1317	2469	0.7719
721	10	10721	0	0	1	user.xp:8200,user.gold:93000,user.hero_exp:159300		1	1000721	1000001|1000002	1094	1318	2473	0.7739
722	10	10722	0	0	1	user.xp:8200,user.gold:93000,user.hero_exp:159300		1	1000722	1000001|1000002	1095	1320	2476	0.7759
723	10	10723	0	0	1	user.bindcash:25,user.xp:8300,user.gold:94000,user.hero_exp:160100		1	1000723	1000001|1000002	1097	1322	2480	0.7779
724	10	10724	0	0	1	user.xp:8300,user.gold:94000,user.hero_exp:160100		1	1000724	1000001|1000002	1099	1324	2483	0.7799
725	10	10725	0	0	1	user.xp:8300,user.gold:94000,user.hero_exp:161000		1	1000725	1000001|1000002	1100	1326	2487	0.7819
726	10	10726	0	0	1	user.bindcash:25,user.xp:8300,user.gold:94000,user.hero_exp:161000		1	1000726	1000001|1000002	1102	1328	2491	0.7839
727	10	10727	0	0	1	user.xp:8300,user.gold:94000,user.hero_exp:161000		1	1000727	1000001|1000002	1104	1330	2494	0.7859
728	10	10728	0	0	1	user.xp:8400,user.gold:95000,user.hero_exp:161900		1	1000728	1000001|1000002	1105	1332	2498	0.788
729	10	10729	0	0	1	user.bindcash:25,user.xp:8400,user.gold:95000,user.hero_exp:161900		1	1000729	1000001|1000002	1107	1334	2502	0.79
730	10	10730	0	0	1	user.xp:8400,user.gold:95000,user.hero_exp:162900		1	1000730	1000001|1000002	1109	1336	2505	0.7921
731	10	10731	0	0	1	user.xp:8400,user.gold:95000,user.hero_exp:162900		1	1000731	1000001|1000002	1111	1338	2509	0.7941
732	10	10732	0	0	1	user.bindcash:25,user.xp:8400,user.gold:95000,user.hero_exp:162900		1	1000732	1000001|1000002	1112	1340	2513	0.7961
733	10	10733	0	0	1	user.xp:8500,user.gold:96000,user.hero_exp:163900		1	1000733	1000001|1000002	1114	1342	2516	0.7982
734	10	10734	0	0	1	user.xp:8500,user.gold:96000,user.hero_exp:163900		1	1000734	1000001|1000002	1116	1344	2520	0.8003
735	10	10735	0	0	1	user.bindcash:25,user.xp:8500,user.gold:96000,user.hero_exp:164900		1	1000735	1000001|1000002	1117	1346	2524	0.8023
736	10	10736	0	0	1	user.xp:8500,user.gold:96000,user.hero_exp:164900		1	1000736	1000001|1000002	1119	1348	2528	0.8044
737	10	10737	0	0	1	user.xp:8500,user.gold:96000,user.hero_exp:164900		1	1000737	1000001|1000002	1121	1350	2531	0.8065
738	10	10738	0	0	1	user.bindcash:25,user.xp:8600,user.gold:97000,user.hero_exp:166000		1	1000738	1000001|1000002	1123	1352	2535	0.8085
739	10	10739	0	0	1	user.xp:8600,user.gold:97000,user.hero_exp:166000		1	1000739	1000001|1000002	1124	1354	2539	0.8106
740	10	10740	0	0	1	user.xp:8600,user.gold:98000,user.hero_exp:167100		1	1000740	1000001|1000002	1126	1356	2542	0.8127
741	10	10741	0	0	1	user.bindcash:25,user.xp:8600,user.gold:98000,user.hero_exp:167100		1	1000741	1000001|1000002	1128	1358	2546	0.8148
742	10	10742	0	0	1	user.xp:8600,user.gold:98000,user.hero_exp:167100		1	1000742	1000001|1000002	1130	1360	2550	0.8169
743	10	10743	0	0	1	user.xp:8700,user.gold:98000,user.hero_exp:168300		1	1000743	1000001|1000002	1132	1362	2554	0.819
744	10	10744	arena6	0	1	user.bindcash:25,user.xp:8700,user.gold:98000,user.hero_exp:168300		1	1000744	1000001|1000002	1133	1364	2558	0.8211
745	10	10745	0	0	1	user.xp:8700,user.gold:99000,user.hero_exp:169500		1	1000745	1000001|1000002	1135	1366	2561	0.8232
746	10	10746	0	0	1	user.xp:8700,user.gold:99000,user.hero_exp:169500		1	1000746	1000001|1000002	1137	1368	2565	0.8253
747	10	10747	0	0	1	user.bindcash:25,user.xp:8700,user.gold:99000,user.hero_exp:169500		1	1000747	1000001|1000002	1139	1370	2569	0.8275
748	10	10748	0	0	1	user.xp:8800,user.gold:100000,user.hero_exp:170800		1	1000748	1000001|1000002	1140	1372	2573	0.8296
749	10	10749	0	0	1	user.xp:8800,user.gold:100000,user.hero_exp:170800		1	1000749	1000001|1000002	1142	1374	2577	0.8317
750	10	10750	abyss	0	1	material.399998:1,user.bindcash:25,user.xp:8800,user.gold:100000,user.hero_exp:171200		1	1000750	1000001|1000002	1144	1376	2580	0.8338
751	10	10751	0	0	1	user.xp:8800,user.gold:100000,user.hero_exp:170800		1	1000750	1000001|1000002	1146	1378	2584	0.836
752	10	10752	0	0	1	user.xp:8800,user.gold:100000,user.hero_exp:170800		1	1000750	1000001|1000002	1148	1380	2588	0.8381
753	10	10753	0	0	1	material.399998:1,user.bindcash:25,user.xp:8800,user.gold:100000,user.hero_exp:171200		1	1000750	1000001|1000002	1149	1382	2592	0.8403
754	10	10754	0	0	1	user.xp:8800,user.gold:100000,user.hero_exp:170800		1	1000750	1000001|1000002	1151	1384	2596	0.8424
755	10	10755	0	0	1	user.xp:8800,user.gold:100000,user.hero_exp:170800		1	1000750	1000001|1000002	1153	1386	2600	0.8446
756	10	10756	0	0	1	material.399998:1,user.bindcash:25,user.xp:8800,user.gold:100000,user.hero_exp:171200		1	1000750	1000001|1000002	1155	1388	2604	0.8467
757	10	10757	0	0	1	user.xp:8800,user.gold:100000,user.hero_exp:170800		1	1000750	1000001|1000002	1157	1390	2608	0.8489
758	10	10758	0	0	1	user.xp:8800,user.gold:100000,user.hero_exp:170800		1	1000750	1000001|1000002	1158	1393	2612	0.8511
759	10	10759	0	0	1	material.399998:1,user.bindcash:25,user.xp:8800,user.gold:100000,user.hero_exp:171200		1	1000750	1000001|1000002	1160	1395	2615	0.8532
760	10	10760	0	0	1	user.xp:8800,user.gold:100000,user.hero_exp:170800		1	1000750	1000001|1000002	1162	1397	2619	0.8554
761	10	10761	0	0	1	user.xp:8800,user.gold:100000,user.hero_exp:170800		1	1000750	1000001|1000002	1164	1399	2623	0.8576
762	10	10762	0	0	1	material.399998:1,user.bindcash:25,user.xp:8800,user.gold:100000,user.hero_exp:171200		1	1000750	1000001|1000002	1166	1401	2627	0.8598
763	10	10763	0	0	1	user.xp:8800,user.gold:100000,user.hero_exp:170800		1	1000750	1000001|1000002	1168	1403	2631	0.862
764	10	10764	0	0	1	user.xp:8800,user.gold:100000,user.hero_exp:170800		1	1000750	1000001|1000002	1169	1405	2635	0.8642
765	10	10765	0	0	1	material.399998:1,user.bindcash:25,user.xp:8800,user.gold:100000,user.hero_exp:171200		1	1000750	1000001|1000002	1171	1407	2639	0.8664
766	10	10766	0	0	1	user.xp:8800,user.gold:100000,user.hero_exp:170800		1	1000750	1000001|1000002	1173	1409	2643	0.8686
767	10	10767	0	0	1	user.xp:8800,user.gold:100000,user.hero_exp:170800		1	1000750	1000001|1000002	1175	1412	2647	0.8708
768	10	10768	0	0	1	material.399998:1,user.bindcash:25,user.xp:8800,user.gold:100000,user.hero_exp:171200		1	1000750	1000001|1000002	1177	1414	2651	0.873
769	10	10769	0	0	1	user.xp:8800,user.gold:100000,user.hero_exp:170800		1	1000750	1000001|1000002	1179	1416	2655	0.8752
770	10	10770	0	0	1	user.xp:8800,user.gold:100000,user.hero_exp:170800		1	1000750	1000001|1000002	1181	1418	2659	0.8775
771	10	10771	0	0	1	material.399998:1,user.bindcash:25,user.xp:8800,user.gold:100000,user.hero_exp:171200		1	1000750	1000001|1000002	1182	1420	2663	0.8797
772	10	10772	0	0	1	user.xp:8800,user.gold:100000,user.hero_exp:170800		1	1000750	1000001|1000002	1184	1422	2667	0.8819
773	10	10773	0	0	1	user.xp:8800,user.gold:100000,user.hero_exp:170800		1	1000750	1000001|1000002	1186	1424	2671	0.8842
774	10	10774	0	0	1	material.399998:1,user.bindcash:25,user.xp:8800,user.gold:100000,user.hero_exp:171200		1	1000750	1000001|1000002	1188	1426	2675	0.8864
775	10	10775	0	0	1	user.xp:8800,user.gold:100000,user.hero_exp:170800		1	1000750	1000001|1000002	1190	1429	2679	0.8886
776	10	10776	0	0	1	user.xp:8800,user.gold:100000,user.hero_exp:170800		1	1000750	1000001|1000002	1192	1431	2683	0.8909
777	10	10777	0	0	1	material.399998:1,user.bindcash:25,user.xp:8800,user.gold:100000,user.hero_exp:171200		1	1000750	1000001|1000002	1194	1433	2687	0.8932
778	10	10778	0	0	1	user.xp:8800,user.gold:100000,user.hero_exp:170800		1	1000750	1000001|1000002	1196	1435	2691	0.8954
779	10	10779	0	0	1	user.xp:8800,user.gold:100000,user.hero_exp:170800		1	1000750	1000001|1000002	1198	1437	2695	0.8977
780	10	10780	0	0	1	material.399998:1,user.bindcash:25,user.xp:8800,user.gold:100000,user.hero_exp:171200		1	1000750	1000001|1000002	1200	1440	2700	0.9
