等级	速攻攻击	速攻防御	速攻生命	速攻速度	支援攻击	支援防御	支援生命	支援速度	妨害攻击	妨害防御	妨害生命	妨害速度	坦克攻击	坦克防御	坦克生命	坦克速度	回复攻击	回复防御	回复生命	回复速度	攻击攻击	攻击防御	攻击生命	攻击速度
level	atk1	def1	hp1	speed1	atk2	def2	hp2	speed2	atk3	def3	hp3	speed3	atk4	def4	hp4	speed4	atk5	def5	hp5	speed5	atk6	def6	hp6	speed6
Int	Int	Int	Int	Int	Int	Int	Int	Int	Int	Int	Int	Int	Int	Int	Int	Int	Int	Int	Int	Int	Int	Int	Int	Int
1	288	100	2000	120	240	100	2400	100	240	100	2400	100	200	133.333	2700	90	288	90.909090909	2037.0349937	80	319.9992	100	1800.0045	70
2	300.8	104.44444444	2088.8888889	122.4	250.66666667	104.44444444	2506.6666667	102	250.66666667	104.44444444	2506.6666667	102	208.88888889	139.25891111	2820	91.8	300.8	94.949494949	2127.5698823	81.6	334.22138667	104.44444444	1880.0047	71.4
3	313.6	108.88888889	2177.7777778	124.8	261.33333333	108.88888889	2613.3333333	104	261.33333333	108.88888889	2613.3333333	104	217.77777778	145.18482222	2940	93.6	313.6	98.98989899	2218.1047709	83.2	348.44357333	108.88888889	1960.0049	72.8
4	326.4	113.33333333	2266.6666667	127.2	272	113.33333333	2720	106	272	113.33333333	2720	106	226.66666667	151.11073333	3060	95.4	326.4	103.03030303	2308.6396595	84.8	362.66576	113.33333333	2040.0051	74.2
5	339.2	117.77777778	2355.5555556	129.6	282.66666667	117.77777778	2826.6666667	108	282.66666667	117.77777778	2826.6666667	108	235.55555556	157.03664444	3180	97.2	339.2	107.07070707	2399.1745482	86.4	376.88794667	117.77777778	2120.0053	75.6
6	352	122.22222222	2444.4444444	132	293.33333333	122.22222222	2933.3333333	110	293.33333333	122.22222222	2933.3333333	110	244.44444444	162.96255556	3300	99	352	111.11111111	2489.7094368	88	391.11013333	122.22222222	2200.0055	77
7	364.8	126.66666667	2533.3333333	134.4	304	126.66666667	3040	112	304	126.66666667	3040	112	253.33333333	168.88846667	3420	100.8	364.8	115.15151515	2580.2443254	89.6	405.33232	126.66666667	2280.0057	78.4
8	377.6	131.11111111	2622.2222222	136.8	314.66666667	131.11111111	3146.6666667	114	314.66666667	131.11111111	3146.6666667	114	262.22222222	174.81437778	3540	102.6	377.6	119.19191919	2670.779214	91.2	419.55450667	131.11111111	2360.0059	79.8
9	390.4	135.55555556	2711.1111111	139.2	325.33333333	135.55555556	3253.3333333	116	325.33333333	135.55555556	3253.3333333	116	271.11111111	180.74028889	3660	104.4	390.4	123.23232323	2761.3141026	92.8	433.77669333	135.55555556	2440.0061	81.2
10	403.2	140	2800	141.6	336	140	3360	118	336	140	3360	118	280	186.6662	3780	106.2	403.2	127.27272727	2851.8489912	94.4	447.99888	140	2520.0063	82.6
11	426.24	148	2960	144	355.2	148	3552	120	355.2	148	3552	120	296	197.33284	3996	108	426.24	134.54545455	3014.8117907	96	473.598816	148	2664.00666	84
12	449.28	156	3120	146.4	374.4	156	3744	122	374.4	156	3744	122	312	207.99948	4212	109.8	449.28	141.81818182	3177.7745902	97.6	499.198752	156	2808.00702	85.4
13	472.32	164	3280	148.8	393.6	164	3936	124	393.6	164	3936	124	328	218.66612	4428	111.6	472.32	149.09090909	3340.7373897	99.2	524.798688	164	2952.00738	86.8
14	495.36	172	3440	151.2	412.8	172	4128	126	412.8	172	4128	126	344	229.33276	4644	113.4	495.36	156.36363636	3503.7001892	100.8	550.398624	172	3096.00774	88.2
15	518.4	180	3600	153.6	432	180	4320	128	432	180	4320	128	360	239.9994	4860	115.2	518.4	163.63636364	3666.6629887	102.4	575.99856	180	3240.0081	89.6
16	541.44	188	3760	156	451.2	188	4512	130	451.2	188	4512	130	376	250.66604	5076	117	541.44	170.90909091	3829.6257882	104	601.598496	188	3384.00846	91
17	564.48	196	3920	158.4	470.4	196	4704	132	470.4	196	4704	132	392	261.33268	5292	118.8	564.48	178.18181818	3992.5885877	105.6	627.198432	196	3528.00882	92.4
18	587.52	204	4080	160.8	489.6	204	4896	134	489.6	204	4896	134	408	271.99932	5508	120.6	587.52	185.45454545	4155.5513872	107.2	652.798368	204	3672.00918	93.8
19	610.56	212	4240	163.2	508.8	212	5088	136	508.8	212	5088	136	424	282.66596	5724	122.4	610.56	192.72727273	4318.5141867	108.8	678.398304	212	3816.00954	95.2
20	633.6	220	4400	165.6	528	220	5280	138	528	220	5280	138	440	293.3326	5940	124.2	633.6	200	4481.4769862	110.4	703.99824	220	3960.0099	96.6
21	668.16	232	4640	168	556.8	232	5568	140	556.8	232	5568	140	464	309.33256	6264	126	668.16	210.90909091	4725.9211854	112	742.398144	232	4176.01044	98
22	702.72	244	4880	170.4	585.6	244	5856	142	585.6	244	5856	142	488	325.33252	6588	127.8	702.72	221.81818182	4970.3653847	113.6	780.798048	244	4392.01098	99.4
23	737.28	256	5120	172.8	614.4	256	6144	144	614.4	256	6144	144	512	341.33248	6912	129.6	737.28	232.72727273	5214.8095839	115.2	819.197952	256	4608.01152	100.8
24	771.84	268	5360	175.2	643.2	268	6432	146	643.2	268	6432	146	536	357.33244	7236	131.4	771.84	243.63636364	5459.2537832	116.8	857.597856	268	4824.01206	102.2
25	806.4	280	5600	177.6	672	280	6720	148	672	280	6720	148	560	373.3324	7560	133.2	806.4	254.54545455	5703.6979824	118.4	895.99776	280	5040.0126	103.6
26	840.96	292	5840	180	700.8	292	7008	150	700.8	292	7008	150	584	389.33236	7884	135	840.96	265.45454545	5948.1421816	120	934.397664	292	5256.01314	105
27	875.52	304	6080	182.4	729.6	304	7296	152	729.6	304	7296	152	608	405.33232	8208	136.8	875.52	276.36363636	6192.5863809	121.6	972.797568	304	5472.01368	106.4
28	910.08	316	6320	184.8	758.4	316	7584	154	758.4	316	7584	154	632	421.33228	8532	138.6	910.08	287.27272727	6437.0305801	123.2	1011.197472	316	5688.01422	107.8
29	944.64	328	6560	187.2	787.2	328	7872	156	787.2	328	7872	156	656	437.33224	8856	140.4	944.64	298.18181818	6681.4747794	124.8	1049.597376	328	5904.01476	109.2
30	979.2	340	6800	189.6	816	340	8160	158	816	340	8160	158	680	453.3322	9180	142.2	979.2	309.09090909	6925.9189786	126.4	1087.99728	340	6120.0153	110.6
31	1025.28	356	7120	192	854.4	356	8544	160	854.4	356	8544	160	712	474.66548	9612	144	1025.28	323.63636364	7251.8445776	128	1139.197152	356	6408.01602	112
32	1071.36	372	7440	194.4	892.8	372	8928	162	892.8	372	8928	162	744	495.99876	10044	145.8	1071.36	338.18181818	7577.7701766	129.6	1190.397024	372	6696.01674	113.4
33	1117.44	388	7760	196.8	931.2	388	9312	164	931.2	388	9312	164	776	517.33204	10476	147.6	1117.44	352.72727273	7903.6957756	131.2	1241.596896	388	6984.01746	114.8
34	1163.52	404	8080	199.2	969.6	404	9696	166	969.6	404	9696	166	808	538.66532	10908	149.4	1163.52	367.27272727	8229.6213746	132.8	1292.796768	404	7272.01818	116.2
35	1209.6	420	8400	201.6	1008	420	10080	168	1008	420	10080	168	840	559.9986	11340	151.2	1209.6	381.81818182	8555.5469736	134.4	1343.99664	420	7560.0189	117.6
36	1255.68	436	8720	204	1046.4	436	10464	170	1046.4	436	10464	170	872	581.33188	11772	153	1255.68	396.36363636	8881.4725726	136	1395.196512	436	7848.01962	119
37	1301.76	452	9040	206.4	1084.8	452	10848	172	1084.8	452	10848	172	904	602.66516	12204	154.8	1301.76	410.90909091	9207.3981716	137.6	1446.396384	452	8136.0203401	120.4
38	1347.84	468	9360	208.8	1123.2	468	11232	174	1123.2	468	11232	174	936	623.99844	12636	156.6	1347.84	425.45454545	9533.3237706	139.2	1497.596256	468	8424.0210601	121.8
39	1393.92	484	9680	211.2	1161.6	484	11616	176	1161.6	484	11616	176	968	645.33172	13068	158.4	1393.92	440	9859.2493696	140.8	1548.796128	484	8712.0217801	123.2
40	1440	500	10000	213.6	1200	500	12000	178	1200	500	12000	178	1000	666.665	13500	160.2	1440	454.54545455	10185.174969	142.4	1599.996	500	9000.0225001	124.6
41	1497.6	520	10400	216	1248	520	12480	180	1248	520	12480	180	1040	693.3316	14040	162	1497.6	472.72727273	10592.581967	144	1663.99584	520	9360.0234001	126
42	1555.2	540	10800	218.4	1296	540	12960	182	1296	540	12960	182	1080	719.9982	14580	163.8	1555.2	490.90909091	10999.988966	145.6	1727.99568	540	9720.0243001	127.4
43	1612.8	560	11200	220.8	1344	560	13440	184	1344	560	13440	184	1120	746.6648	15120	165.6	1612.8	509.09090909	11407.395965	147.2	1791.99552	560	10080.0252	128.8
44	1670.4	580	11600	223.2	1392	580	13920	186	1392	580	13920	186	1160	773.3314	15660	167.4	1670.4	527.27272727	11814.802964	148.8	1855.99536	580	10440.0261	130.2
45	1728	600	12000	225.6	1440	600	14400	188	1440	600	14400	188	1200	799.998	16200	169.2	1728	545.45454545	12222.209962	150.4	1919.9952	600	10800.027	131.6
46	1785.6	620	12400	228	1488	620	14880	190	1488	620	14880	190	1240	826.6646	16740	171	1785.6	563.63636364	12629.616961	152	1983.99504	620	11160.0279	133
47	1843.2	640	12800	230.4	1536	640	15360	192	1536	640	15360	192	1280	853.3312	17280	172.8	1843.2	581.81818182	13037.02396	153.6	2047.99488	640	11520.0288	134.4
48	1900.8	660	13200	232.8	1584	660	15840	194	1584	660	15840	194	1320	879.9978	17820	174.6	1900.8	600	13444.430959	155.2	2111.99472	660	11880.0297	135.8
49	1958.4	680	13600	235.2	1632	680	16320	196	1632	680	16320	196	1360	906.6644	18360	176.4	1958.4	618.18181818	13851.837957	156.8	2175.99456	680	12240.0306	137.2
50	2016	700	14000	237.6	1680	700	16800	198	1680	700	16800	198	1400	933.331	18900	178.2	2016	636.36363636	14259.244956	158.4	2239.9944	700	12600.0315	138.6
51	2085.12	724	14480	240	1737.6	724	17376	200	1737.6	724	17376	200	1448	965.33092	19548	180	2085.12	658.18181818	14748.133354	160	2316.794208	724	13032.03258	140
52	2154.24	748	14960	242.4	1795.2	748	17952	202	1795.2	748	17952	202	1496	997.33084	20196	181.8	2154.24	680	15237.021753	161.6	2393.594016	748	13464.03366	141.4
53	2223.36	772	15440	244.8	1852.8	772	18528	204	1852.8	772	18528	204	1544	1029.33076	20844	183.6	2223.36	701.81818182	15725.910151	163.2	2470.393824	772	13896.03474	142.8
54	2292.48	796	15920	247.2	1910.4	796	19104	206	1910.4	796	19104	206	1592	1061.33068	21492	185.4	2292.48	723.63636364	16214.79855	164.8	2547.193632	796	14328.03582	144.2
55	2361.6	820	16400	249.6	1968	820	19680	208	1968	820	19680	208	1640	1093.3306	22140	187.2	2361.6	745.45454545	16703.686948	166.4	2623.99344	820	14760.0369	145.6
56	2430.72	844	16880	252	2025.6	844	20256	210	2025.6	844	20256	210	1688	1125.33052	22788	189	2430.72	767.27272727	17192.575347	168	2700.793248	844	15192.03798	147
57	2499.84	868	17360	254.4	2083.2	868	20832	212	2083.2	868	20832	212	1736	1157.33044	23436	190.8	2499.84	789.09090909	17681.463745	169.6	2777.593056	868	15624.03906	148.4
58	2568.96	892	17840	256.8	2140.8	892	21408	214	2140.8	892	21408	214	1784	1189.33036	24084	192.6	2568.96	810.90909091	18170.352144	171.2	2854.392864	892	16056.04014	149.8
59	2638.08	916	18320	259.2	2198.4	916	21984	216	2198.4	916	21984	216	1832	1221.33028	24732	194.4	2638.08	832.72727273	18659.240542	172.8	2931.192672	916	16488.04122	151.2
60	2707.2	940	18800	261.6	2256	940	22560	218	2256	940	22560	218	1880	1253.3302	25380	196.2	2707.2	854.54545455	19148.128941	174.4	3007.99248	940	16920.0423	152.6
61	2787.84	968	19360	264	2323.2	968	23232	220	2323.2	968	23232	220	1936	1290.66344	26136	198	2787.84	880	19718.498739	176	3097.592256	968	17424.04356	154
62	2868.48	996	19920	266.4	2390.4	996	23904	222	2390.4	996	23904	222	1992	1327.99668	26892	199.8	2868.48	905.45454545	20288.868537	177.6	3187.192032	996	17928.04482	155.4
63	2949.12	1024	20480	268.8	2457.6	1024	24576	224	2457.6	1024	24576	224	2048	1365.32992	27648	201.6	2949.12	930.90909091	20859.238336	179.2	3276.791808	1024	18432.04608	156.8
64	3029.76	1052	21040	271.2	2524.8	1052	25248	226	2524.8	1052	25248	226	2104	1402.66316	28404	203.4	3029.76	956.36363636	21429.608134	180.8	3366.391584	1052	18936.04734	158.2
65	3110.4	1080	21600	273.6	2592	1080	25920	228	2592	1080	25920	228	2160	1439.9964	29160	205.2	3110.4	981.81818182	21999.977932	182.4	3455.99136	1080	19440.0486	159.6
66	3191.04	1108	22160	276	2659.2	1108	26592	230	2659.2	1108	26592	230	2216	1477.32964	29916	207	3191.04	1007.2727273	22570.34773	184	3545.591136	1108	19944.04986	161
67	3271.68	1136	22720	278.4	2726.4	1136	27264	232	2726.4	1136	27264	232	2272	1514.66288	30672	208.8	3271.68	1032.7272727	23140.717529	185.6	3635.190912	1136	20448.05112	162.4
68	3352.32	1164	23280	280.8	2793.6	1164	27936	234	2793.6	1164	27936	234	2328	1551.99612	31428	210.6	3352.32	1058.1818182	23711.087327	187.2	3724.790688	1164	20952.05238	163.8
69	3432.96	1192	23840	283.2	2860.8	1192	28608	236	2860.8	1192	28608	236	2384	1589.32936	32184	212.4	3432.96	1083.6363636	24281.457125	188.8	3814.390464	1192	21456.05364	165.2
70	3513.6	1220	24400	285.6	2928	1220	29280	238	2928	1220	29280	238	2440	1626.6626	32940	214.2	3513.6	1109.0909091	24851.826923	190.4	3903.99024	1220	21960.0549	166.6
71	3605.76	1252	25040	288	3004.8	1252	30048	240	3004.8	1252	30048	240	2504	1669.32916	33804	216	3605.76	1138.1818182	25503.678121	192	4006.389984	1252	22536.05634	168
72	3697.92	1284	25680	290.4	3081.6	1284	30816	242	3081.6	1284	30816	242	2568	1711.99572	34668	217.8	3697.92	1167.2727273	26155.529319	193.6	4108.789728	1284	23112.05778	169.4
73	3790.08	1316	26320	292.8	3158.4	1316	31584	244	3158.4	1316	31584	244	2632	1754.66228	35532	219.6	3790.08	1196.3636364	26807.380517	195.2	4211.189472	1316	23688.05922	170.8
74	3882.24	1348	26960	295.2	3235.2	1348	32352	246	3235.2	1348	32352	246	2696	1797.32884	36396	221.4	3882.24	1225.4545455	27459.231715	196.8	4313.589216	1348	24264.06066	172.2
75	3974.4	1380	27600	297.6	3312	1380	33120	248	3312	1380	33120	248	2760	1839.9954	37260	223.2	3974.4	1254.5454545	28111.082913	198.4	4415.98896	1380	24840.0621	173.6
76	4066.56	1412	28240	300	3388.8	1412	33888	250	3388.8	1412	33888	250	2824	1882.66196	38124	225	4066.56	1283.6363636	28762.934111	200	4518.388704	1412	25416.06354	175
77	4158.72	1444	28880	302.4	3465.6	1444	34656	252	3465.6	1444	34656	252	2888	1925.32852	38988	226.8	4158.72	1312.7272727	29414.785309	201.6	4620.788448	1444	25992.06498	176.4
78	4250.88	1476	29520	304.8	3542.4	1476	35424	254	3542.4	1476	35424	254	2952	1967.99508	39852	228.6	4250.88	1341.8181818	30066.636507	203.2	4723.188192	1476	26568.06642	177.8
79	4343.04	1508	30160	307.2	3619.2	1508	36192	256	3619.2	1508	36192	256	3016	2010.66164	40716	230.4	4343.04	1370.9090909	30718.487705	204.8	4825.587936	1508	27144.06786	179.2
80	4435.2	1540	30800	309.6	3696	1540	36960	258	3696	1540	36960	258	3080	2053.3282	41580	232.2	4435.2	1400	31370.338903	206.4	4927.98768	1540	27720.0693	180.6
81	4538.88	1576	31520	312	3782.4	1576	37824	260	3782.4	1576	37824	260	3152	2101.32808	42552	234	4538.88	1432.7272727	32103.671501	208	5043.187392	1576	28368.07092	182
82	4642.56	1612	32240	314.4	3868.8	1612	38688	262	3868.8	1612	38688	262	3224	2149.32796	43524	235.8	4642.56	1465.4545455	32837.004099	209.6	5158.387104	1612	29016.07254	183.4
83	4746.24	1648	32960	316.8	3955.2	1648	39552	264	3955.2	1648	39552	264	3296	2197.32784	44496	237.6	4746.24	1498.1818182	33570.336696	211.2	5273.586816	1648	29664.07416	184.8
84	4849.92	1684	33680	319.2	4041.6	1684	40416	266	4041.6	1684	40416	266	3368	2245.32772	45468	239.4	4849.92	1530.9090909	34303.669294	212.8	5388.786528	1684	30312.07578	186.2
85	4953.6	1720	34400	321.6	4128	1720	41280	268	4128	1720	41280	268	3440	2293.3276	46440	241.2	4953.6	1563.6363636	35037.001892	214.4	5503.98624	1720	30960.0774	187.6
86	5057.28	1756	35120	324	4214.4	1756	42144	270	4214.4	1756	42144	270	3512	2341.32748	47412	243	5057.28	1596.3636364	35770.33449	216	5619.185952	1756	31608.07902	189
87	5160.96	1792	35840	326.4	4300.8	1792	43008	272	4300.8	1792	43008	272	3584	2389.32736	48384	244.8	5160.96	1629.0909091	36503.667087	217.6	5734.385664	1792	32256.08064	190.4
88	5264.64	1828	36560	328.8	4387.2	1828	43872	274	4387.2	1828	43872	274	3656	2437.32724	49356	246.6	5264.64	1661.8181818	37236.999685	219.2	5849.585376	1828	32904.08226	191.8
89	5368.32	1864	37280	331.2	4473.6	1864	44736	276	4473.6	1864	44736	276	3728	2485.32712	50328	248.4	5368.32	1694.5454545	37970.332283	220.8	5964.785088	1864	33552.08388	193.2
90	5472	1900	38000	333.6	4560	1900	45600	278	4560	1900	45600	278	3800	2533.327	51300	250.2	5472	1727.2727273	38703.664881	222.4	6079.9848	1900	34200.0855	194.6
91	5587.2	1940	38800	336	4656	1940	46560	280	4656	1940	46560	280	3880	2586.6602	52380	252	5587.2	1763.6363636	39518.478878	224	6207.98448	1940	34920.0873	196
92	5702.4	1980	39600	338.4	4752	1980	47520	282	4752	1980	47520	282	3960	2639.9934	53460	253.8	5702.4	1800	40333.292876	225.6	6335.98416	1980	35640.0891	197.4
93	5817.6	2020	40400	340.8	4848	2020	48480	284	4848	2020	48480	284	4040	2693.3266	54540	255.6	5817.6	1836.3636364	41148.106873	227.2	6463.98384	2020	36360.0909	198.8
94	5932.8	2060	41200	343.2	4944	2060	49440	286	4944	2060	49440	286	4120	2746.6598	55620	257.4	5932.8	1872.7272727	41962.920871	228.8	6591.98352	2060	37080.0927	200.2
95	6048	2100	42000	345.6	5040	2100	50400	288	5040	2100	50400	288	4200	2799.993	56700	259.2	6048	1909.0909091	42777.734868	230.4	6719.9832	2100	37800.0945	201.6
96	6163.2	2140	42800	348	5136	2140	51360	290	5136	2140	51360	290	4280	2853.3262	57780	261	6163.2	1945.4545455	43592.548865	232	6847.98288	2140	38520.0963	203
97	6278.4	2180	43600	350.4	5232	2180	52320	292	5232	2180	52320	292	4360	2906.6594	58860	262.8	6278.4	1981.8181818	44407.362863	233.6	6975.98256	2180	39240.0981	204.4
98	6393.6	2220	44400	352.8	5328	2220	53280	294	5328	2220	53280	294	4440	2959.9926	59940	264.6	6393.6	2018.1818182	45222.17686	235.2	7103.98224	2220	39960.0999	205.8
99	6508.8	2260	45200	355.2	5424	2260	54240	296	5424	2260	54240	296	4520	3013.3258	61020	266.4	6508.8	2054.5454545	46036.990858	236.8	7231.98192	2260	40680.1017	207.2
100	6624	2300	46000	357.6	5520	2300	55200	298	5520	2300	55200	298	4600	3066.659	62100	268.2	6624	2090.9090909	46851.804855	238.4	7359.9816	2300	41400.1035	208.6
101	6750.72	2344	46880	360	5625.6	2344	56256	300	5625.6	2344	56256	300	4688	3125.32552	63288	270	6750.72	2130.9090909	47748.100253	240	7500.781248	2344	42192.10548	210
102	6877.44	2388	47760	362.4	5731.2	2388	57312	302	5731.2	2388	57312	302	4776	3183.99204	64476	271.8	6877.44	2170.9090909	48644.39565	241.6	7641.580896	2388	42984.10746	211.4
103	7004.16	2432	48640	364.8	5836.8	2432	58368	304	5836.8	2432	58368	304	4864	3242.65856	65664	273.6	7004.16	2210.9090909	49540.691047	243.2	7782.380544	2432	43776.10944	212.8
104	7130.88	2476	49520	367.2	5942.4	2476	59424	306	5942.4	2476	59424	306	4952	3301.32508	66852	275.4	7130.88	2250.9090909	50436.986444	244.8	7923.180192	2476	44568.11142	214.2
105	7257.6	2520	50400	369.6	6048	2520	60480	308	6048	2520	60480	308	5040	3359.9916	68040	277.2	7257.6	2290.9090909	51333.281842	246.4	8063.97984	2520	45360.1134	215.6
106	7384.32	2564	51280	372	6153.6	2564	61536	310	6153.6	2564	61536	310	5128	3418.65812	69228	279	7384.32	2330.9090909	52229.577239	248	8204.779488	2564	46152.11538	217
107	7511.04	2608	52160	374.4	6259.2	2608	62592	312	6259.2	2608	62592	312	5216	3477.32464	70416	280.8	7511.04	2370.9090909	53125.872636	249.6	8345.579136	2608	46944.11736	218.4
108	7637.76	2652	53040	376.8	6364.8	2652	63648	314	6364.8	2652	63648	314	5304	3535.99116	71604	282.6	7637.76	2410.9090909	54022.168033	251.2	8486.378784	2652	47736.11934	219.8
109	7764.48	2696	53920	379.2	6470.4	2696	64704	316	6470.4	2696	64704	316	5392	3594.65768	72792	284.4	7764.48	2450.9090909	54918.463431	252.8	8627.178432	2696	48528.12132	221.2
110	7891.2	2740	54800	381.6	6576	2740	65760	318	6576	2740	65760	318	5480	3653.3242	73980	286.2	7891.2	2490.9090909	55814.758828	254.4	8767.97808	2740	49320.1233	222.6
111	8029.44	2788	55760	384	6691.2	2788	66912	320	6691.2	2788	66912	320	5576	3717.32404	75276	288	8029.44	2534.5454545	56792.535625	256	8921.577696	2788	50184.12546	224
112	8167.68	2836	56720	386.4	6806.4	2836	68064	322	6806.4	2836	68064	322	5672	3781.32388	76572	289.8	8167.68	2578.1818182	57770.312422	257.6	9075.177312	2836	51048.12762	225.4
113	8305.92	2884	57680	388.8	6921.6	2884	69216	324	6921.6	2884	69216	324	5768	3845.32372	77868	291.6	8305.92	2621.8181818	58748.089219	259.2	9228.776928	2884	51912.12978	226.8
114	8444.16	2932	58640	391.2	7036.8	2932	70368	326	7036.8	2932	70368	326	5864	3909.32356	79164	293.4	8444.16	2665.4545455	59725.866016	260.8	9382.376544	2932	52776.13194	228.2
115	8582.4	2980	59600	393.6	7152	2980	71520	328	7152	2980	71520	328	5960	3973.3234	80460	295.2	8582.4	2709.0909091	60703.642813	262.4	9535.97616	2980	53640.1341	229.6
116	8720.64	3028	60560	396	7267.2	3028	72672	330	7267.2	3028	72672	330	6056	4037.32324	81756	297	8720.64	2752.7272727	61681.41961	264	9689.575776	3028	54504.13626	231
117	8858.88	3076	61520	398.4	7382.4	3076	73824	332	7382.4	3076	73824	332	6152	4101.32308	83052	298.8	8858.88	2796.3636364	62659.196407	265.6	9843.175392	3076	55368.13842	232.4
118	8997.12	3124	62480	400.8	7497.6	3124	74976	334	7497.6	3124	74976	334	6248	4165.32292	84348	300.6	8997.12	2840	63636.973204	267.2	9996.775008	3124	56232.14058	233.8
119	9135.36	3172	63440	403.2	7612.8	3172	76128	336	7612.8	3172	76128	336	6344	4229.32276	85644	302.4	9135.36	2883.6363636	64614.750001	268.8	10150.374624	3172	57096.14274	235.2
120	9273.6	3220	64400	405.6	7728	3220	77280	338	7728	3220	77280	338	6440	4293.3226	86940	304.2	9273.6	2927.2727273	65592.526798	270.4	10303.97424	3220	57960.1449	236.6
121	9423.36	3272	65440	408	7852.8	3272	78528	340	7852.8	3272	78528	340	6544	4362.65576	88344	306	9423.36	2974.5454545	66651.784994	272	10470.373824	3272	58896.14724	238
122	9573.12	3324	66480	410.4	7977.6	3324	79776	342	7977.6	3324	79776	342	6648	4431.98892	89748	307.8	9573.12	3021.8181818	67711.043191	273.6	10636.773408	3324	59832.14958	239.4
123	9722.88	3376	67520	412.8	8102.4	3376	81024	344	8102.4	3376	81024	344	6752	4501.32208	91152	309.6	9722.88	3069.0909091	68770.301388	275.2	10803.172992	3376	60768.15192	240.8
124	9872.64	3428	68560	415.2	8227.2	3428	82272	346	8227.2	3428	82272	346	6856	4570.65524	92556	311.4	9872.64	3116.3636364	69829.559585	276.8	10969.572576	3428	61704.15426	242.2
125	10022.4	3480	69600	417.6	8352	3480	83520	348	8352	3480	83520	348	6960	4639.9884	93960	313.2	10022.4	3163.6363636	70888.817781	278.4	11135.97216	3480	62640.1566	243.6
126	10172.16	3532	70640	420	8476.8	3532	84768	350	8476.8	3532	84768	350	7064	4709.32156	95364	315	10172.16	3210.9090909	71948.075978	280	11302.371744	3532	63576.15894	245
127	10321.92	3584	71680	422.4	8601.6	3584	86016	352	8601.6	3584	86016	352	7168	4778.65472	96768	316.8	10321.92	3258.1818182	73007.334175	281.6	11468.771328	3584	64512.16128	246.4
128	10471.68	3636	72720	424.8	8726.4	3636	87264	354	8726.4	3636	87264	354	7272	4847.98788	98172	318.6	10471.68	3305.4545455	74066.592371	283.2	11635.170912	3636	65448.16362	247.8
129	10621.44	3688	73760	427.2	8851.2	3688	88512	356	8851.2	3688	88512	356	7376	4917.32104	99576	320.4	10621.44	3352.7272727	75125.850568	284.8	11801.570496	3688	66384.16596	249.2
130	10771.2	3740	74800	429.6	8976	3740	89760	358	8976	3740	89760	358	7480	4986.6542	100980	322.2	10771.2	3400	76185.108765	286.4	11967.97008	3740	67320.1683	250.6
131	10932.48	3796	75920	432	9110.4	3796	91104	360	9110.4	3796	91104	360	7592	5061.32068	102492	324	10932.48	3450.9090909	77325.848361	288	12147.169632	3796	68328.17082	252
132	11093.76	3852	77040	434.4	9244.8	3852	92448	362	9244.8	3852	92448	362	7704	5135.98716	104004	325.8	11093.76	3501.8181818	78466.587958	289.6	12326.369184	3852	69336.17334	253.4
133	11255.04	3908	78160	436.8	9379.2	3908	93792	364	9379.2	3908	93792	364	7816	5210.65364	105516	327.6	11255.04	3552.7272727	79607.327554	291.2	12505.568736	3908	70344.17586	254.8
134	11416.32	3964	79280	439.2	9513.6	3964	95136	366	9513.6	3964	95136	366	7928	5285.32012	107028	329.4	11416.32	3603.6363636	80748.067151	292.8	12684.768288	3964	71352.17838	256.2
135	11577.6	4020	80400	441.6	9648	4020	96480	368	9648	4020	96480	368	8040	5359.9866	108540	331.2	11577.6	3654.5454545	81888.806747	294.4	12863.96784	4020	72360.1809	257.6
136	11738.88	4076	81520	444	9782.4	4076	97824	370	9782.4	4076	97824	370	8152	5434.65308	110052	333	11738.88	3705.4545455	83029.546344	296	13043.167392	4076	73368.18342	259
137	11900.16	4132	82640	446.4	9916.8	4132	99168	372	9916.8	4132	99168	372	8264	5509.31956	111564	334.8	11900.16	3756.3636364	84170.28594	297.6	13222.366944	4132	74376.18594	260.4
138	12061.44	4188	83760	448.8	10051.2	4188	100512	374	10051.2	4188	100512	374	8376	5583.98604	113076	336.6	12061.44	3807.2727273	85311.025537	299.2	13401.566496	4188	75384.18846	261.8
139	12222.72	4244	84880	451.2	10185.6	4244	101856	376	10185.6	4244	101856	376	8488	5658.65252	114588	338.4	12222.72	3858.1818182	86451.765133	300.8	13580.766048	4244	76392.19098	263.2
140	12384	4300	86000	453.6	10320	4300	103200	378	10320	4300	103200	378	8600	5733.319	116100	340.2	12384	3909.0909091	87592.50473	302.4	13759.9656	4300	77400.1935	264.6
141	12556.8	4360	87200	456	10464	4360	104640	380	10464	4360	104640	380	8720	5813.3188	117720	342	12556.8	3963.6363636	88814.725726	304	13951.96512	4360	78480.1962	266
142	12729.6	4420	88400	458.4	10608	4420	106080	382	10608	4420	106080	382	8840	5893.3186	119340	343.8	12729.6	4018.1818182	90036.946722	305.6	14143.96464	4420	79560.1989	267.4
143	12902.4	4480	89600	460.8	10752	4480	107520	384	10752	4480	107520	384	8960	5973.3184	120960	345.6	12902.4	4072.7272727	91259.167718	307.2	14335.96416	4480	80640.201601	268.8
144	13075.2	4540	90800	463.2	10896	4540	108960	386	10896	4540	108960	386	9080	6053.3182	122580	347.4	13075.2	4127.2727273	92481.388715	308.8	14527.96368	4540	81720.204301	270.2
145	13248	4600	92000	465.6	11040	4600	110400	388	11040	4600	110400	388	9200	6133.318	124200	349.2	13248	4181.8181818	93703.609711	310.4	14719.9632	4600	82800.207001	271.6
146	13420.8	4660	93200	468	11184	4660	111840	390	11184	4660	111840	390	9320	6213.3178	125820	351	13420.8	4236.3636364	94925.830707	312	14911.96272	4660	83880.209701	273
147	13593.6	4720	94400	470.4	11328	4720	113280	392	11328	4720	113280	392	9440	6293.3176	127440	352.8	13593.6	4290.9090909	96148.051703	313.6	15103.96224	4720	84960.212401	274.4
148	13766.4	4780	95600	472.8	11472	4780	114720	394	11472	4780	114720	394	9560	6373.3174	129060	354.6	13766.4	4345.4545455	97370.2727	315.2	15295.96176	4780	86040.215101	275.8
149	13939.2	4840	96800	475.2	11616	4840	116160	396	11616	4840	116160	396	9680	6453.3172	130680	356.4	13939.2	4400	98592.493696	316.8	15487.96128	4840	87120.217801	277.2
150	14112	4900	98000	477.6	11760	4900	117600	398	11760	4900	117600	398	9800	6533.317	132300	358.2	14112	4454.5454545	99814.714692	318.4	15679.9608	4900	88200.220501	278.6
151	14296.32	4964	99280	480	11913.6	4964	119136	400	11913.6	4964	119136	400	9928	6618.65012	134028	360	14296.32	4512.7272727	101118.41709	320	15884.760288	4964	89352.223381	280
152	14480.64	5028	100560	482.4	12067.2	5028	120672	402	12067.2	5028	120672	402	10056	6703.98324	135756	361.8	14480.64	4570.9090909	102422.11948	321.6	16089.559776	5028	90504.226261	281.4
153	14664.96	5092	101840	484.8	12220.8	5092	122208	404	12220.8	5092	122208	404	10184	6789.31636	137484	363.6	14664.96	4629.0909091	103725.82188	323.2	16294.359264	5092	91656.229141	282.8
154	14849.28	5156	103120	487.2	12374.4	5156	123744	406	12374.4	5156	123744	406	10312	6874.64948	139212	365.4	14849.28	4687.2727273	105029.52428	324.8	16499.158752	5156	92808.232021	284.2
155	15033.6	5220	104400	489.6	12528	5220	125280	408	12528	5220	125280	408	10440	6959.9826	140940	367.2	15033.6	4745.4545455	106333.22667	326.4	16703.95824	5220	93960.234901	285.6
156	15217.92	5284	105680	492	12681.6	5284	126816	410	12681.6	5284	126816	410	10568	7045.31572	142668	369	15217.92	4803.6363636	107636.92907	328	16908.757728	5284	95112.237781	287
157	15402.24	5348	106960	494.4	12835.2	5348	128352	412	12835.2	5348	128352	412	10696	7130.64884	144396	370.8	15402.24	4861.8181818	108940.63146	329.6	17113.557216	5348	96264.240661	288.4
158	15586.56	5412	108240	496.8	12988.8	5412	129888	414	12988.8	5412	129888	414	10824	7215.98196	146124	372.6	15586.56	4920	110244.33386	331.2	17318.356704	5412	97416.243541	289.8
159	15770.88	5476	109520	499.2	13142.4	5476	131424	416	13142.4	5476	131424	416	10952	7301.31508	147852	374.4	15770.88	4978.1818182	111548.03626	332.8	17523.156192	5476	98568.246421	291.2
160	15955.2	5540	110800	501.6	13296	5540	132960	418	13296	5540	132960	418	11080	7386.6482	149580	376.2	15955.2	5036.3636364	112851.73865	334.4	17727.95568	5540	99720.249301	292.6
161	16151.04	5608	112160	504	13459.2	5608	134592	420	13459.2	5608	134592	420	11216	7477.31464	151416	378	16151.04	5098.1818182	114236.92245	336	17945.555136	5608	100944.25236	294
162	16346.88	5676	113520	506.4	13622.4	5676	136224	422	13622.4	5676	136224	422	11352	7567.98108	153252	379.8	16346.88	5160	115622.10624	337.6	18163.154592	5676	102168.25542	295.4
163	16542.72	5744	114880	508.8	13785.6	5744	137856	424	13785.6	5744	137856	424	11488	7658.64752	155088	381.6	16542.72	5221.8181818	117007.29004	339.2	18380.754048	5744	103392.25848	296.8
164	16738.56	5812	116240	511.2	13948.8	5812	139488	426	13948.8	5812	139488	426	11624	7749.31396	156924	383.4	16738.56	5283.6363636	118392.47383	340.8	18598.353504	5812	104616.26154	298.2
165	16934.4	5880	117600	513.6	14112	5880	141120	428	14112	5880	141120	428	11760	7839.9804	158760	385.2	16934.4	5345.4545455	119777.65763	342.4	18815.95296	5880	105840.2646	299.6
166	17130.24	5948	118960	516	14275.2	5948	142752	430	14275.2	5948	142752	430	11896	7930.64684	160596	387	17130.24	5407.2727273	121162.84143	344	19033.552416	5948	107064.26766	301
167	17326.08	6016	120320	518.4	14438.4	6016	144384	432	14438.4	6016	144384	432	12032	8021.31328	162432	388.8	17326.08	5469.0909091	122548.02522	345.6	19251.151872	6016	108288.27072	302.4
168	17521.92	6084	121680	520.8	14601.6	6084	146016	434	14601.6	6084	146016	434	12168	8111.97972	164268	390.6	17521.92	5530.9090909	123933.20902	347.2	19468.751328	6084	109512.27378	303.8
169	17717.76	6152	123040	523.2	14764.8	6152	147648	436	14764.8	6152	147648	436	12304	8202.64616	166104	392.4	17717.76	5592.7272727	125318.39281	348.8	19686.350784	6152	110736.27684	305.2
170	17913.6	6220	124400	525.6	14928	6220	149280	438	14928	6220	149280	438	12440	8293.3126	167940	394.2	17913.6	5654.5454545	126703.57661	350.4	19903.95024	6220	111960.2799	306.6
171	18120.96	6292	125840	528	15100.8	6292	151008	440	15100.8	6292	151008	440	12584	8389.31236	169884	396	18120.96	5720	128170.2418	352	20134.349664	6292	113256.28314	308
172	18328.32	6364	127280	530.4	15273.6	6364	152736	442	15273.6	6364	152736	442	12728	8485.31212	171828	397.8	18328.32	5785.4545455	129636.907	353.6	20364.749088	6364	114552.28638	309.4
173	18535.68	6436	128720	532.8	15446.4	6436	154464	444	15446.4	6436	154464	444	12872	8581.31188	173772	399.6	18535.68	5850.9090909	131103.5722	355.2	20595.148512	6436	115848.28962	310.8
174	18743.04	6508	130160	535.2	15619.2	6508	156192	446	15619.2	6508	156192	446	13016	8677.31164	175716	401.4	18743.04	5916.3636364	132570.23739	356.8	20825.547936	6508	117144.29286	312.2
175	18950.4	6580	131600	537.6	15792	6580	157920	448	15792	6580	157920	448	13160	8773.3114	177660	403.2	18950.4	5981.8181818	134036.90259	358.4	21055.94736	6580	118440.2961	313.6
176	19157.76	6652	133040	540	15964.8	6652	159648	450	15964.8	6652	159648	450	13304	8869.31116	179604	405	19157.76	6047.2727273	135503.56778	360	21286.346784	6652	119736.29934	315
177	19365.12	6724	134480	542.4	16137.6	6724	161376	452	16137.6	6724	161376	452	13448	8965.31092	181548	406.8	19365.12	6112.7272727	136970.23298	361.6	21516.746208	6724	121032.30258	316.4
178	19572.48	6796	135920	544.8	16310.4	6796	163104	454	16310.4	6796	163104	454	13592	9061.31068	183492	408.6	19572.48	6178.1818182	138436.89817	363.2	21747.145632	6796	122328.30582	317.8
179	19779.84	6868	137360	547.2	16483.2	6868	164832	456	16483.2	6868	164832	456	13736	9157.31044	185436	410.4	19779.84	6243.6363636	139903.56337	364.8	21977.545056	6868	123624.30906	319.2
180	19987.2	6940	138800	549.6	16656	6940	166560	458	16656	6940	166560	458	13880	9253.3102	187380	412.2	19987.2	6309.0909091	141370.22856	366.4	22207.94448	6940	124920.3123	320.6
181	20206.08	7016	140320	552	16838.4	7016	168384	460	16838.4	7016	168384	460	14032	9354.64328	189432	414	20206.08	6378.1818182	142918.37516	368	22451.143872	7016	126288.31572	322
182	20424.96	7092	141840	554.4	17020.8	7092	170208	462	17020.8	7092	170208	462	14184	9455.97636	191484	415.8	20424.96	6447.2727273	144466.52175	369.6	22694.343264	7092	127656.31914	323.4
183	20643.84	7168	143360	556.8	17203.2	7168	172032	464	17203.2	7168	172032	464	14336	9557.30944	193536	417.6	20643.84	6516.3636364	146014.66835	371.2	22937.542656	7168	129024.32256	324.8
184	20862.72	7244	144880	559.2	17385.6	7244	173856	466	17385.6	7244	173856	466	14488	9658.64252	195588	419.4	20862.72	6585.4545455	147562.81494	372.8	23180.742048	7244	130392.32598	326.2
185	21081.6	7320	146400	561.6	17568	7320	175680	468	17568	7320	175680	468	14640	9759.9756	197640	421.2	21081.6	6654.5454545	149110.96154	374.4	23423.94144	7320	131760.3294	327.6
186	21300.48	7396	147920	564	17750.4	7396	177504	470	17750.4	7396	177504	470	14792	9861.30868	199692	423	21300.48	6723.6363636	150659.10814	376	23667.140832	7396	133128.33282	329
187	21519.36	7472	149440	566.4	17932.8	7472	179328	472	17932.8	7472	179328	472	14944	9962.64176	201744	424.8	21519.36	6792.7272727	152207.25473	377.6	23910.340224	7472	134496.33624	330.4
188	21738.24	7548	150960	568.8	18115.2	7548	181152	474	18115.2	7548	181152	474	15096	10063.97484	203796	426.6	21738.24	6861.8181818	153755.40133	379.2	24153.539616	7548	135864.33966	331.8
189	21957.12	7624	152480	571.2	18297.6	7624	182976	476	18297.6	7624	182976	476	15248	10165.30792	205848	428.4	21957.12	6930.9090909	155303.54792	380.8	24396.739008	7624	137232.34308	333.2
190	22176	7700	154000	573.6	18480	7700	184800	478	18480	7700	184800	478	15400	10266.641	207900	430.2	22176	7000	156851.69452	382.4	24639.9384	7700	138600.3465	334.6
191	22406.4	7780	155600	576	18672	7780	186720	480	18672	7780	186720	480	15560	10373.3074	210060	432	22406.4	7072.7272727	158481.32251	384	24895.93776	7780	140040.3501	336
192	22636.8	7860	157200	578.4	18864	7860	188640	482	18864	7860	188640	482	15720	10479.9738	212220	433.8	22636.8	7145.4545455	160110.95051	385.6	25151.93712	7860	141480.3537	337.4
193	22867.2	7940	158800	580.8	19056	7940	190560	484	19056	7940	190560	484	15880	10586.6402	214380	435.6	22867.2	7218.1818182	161740.5785	387.2	25407.93648	7940	142920.3573	338.8
194	23097.6	8020	160400	583.2	19248	8020	192480	486	19248	8020	192480	486	16040	10693.3066	216540	437.4	23097.6	7290.9090909	163370.2065	388.8	25663.93584	8020	144360.3609	340.2
195	23328	8100	162000	585.6	19440	8100	194400	488	19440	8100	194400	488	16200	10799.973	218700	439.2	23328	7363.6363636	164999.83449	390.4	25919.9352	8100	145800.3645	341.6
196	23558.4	8180	163600	588	19632	8180	196320	490	19632	8180	196320	490	16360	10906.6394	220860	441	23558.4	7436.3636364	166629.46249	392	26175.93456	8180	147240.3681	343
197	23788.8	8260	165200	590.4	19824	8260	198240	492	19824	8260	198240	492	16520	11013.3058	223020	442.8	23788.8	7509.0909091	168259.09048	393.6	26431.93392	8260	148680.3717	344.4
198	24019.2	8340	166800	592.8	20016	8340	200160	494	20016	8340	200160	494	16680	11119.9722	225180	444.6	24019.2	7581.8181818	169888.71848	395.2	26687.93328	8340	150120.3753	345.8
199	24249.6	8420	168400	595.2	20208	8420	202080	496	20208	8420	202080	496	16840	11226.6386	227340	446.4	24249.6	7654.5454545	171518.34647	396.8	26943.93264	8420	151560.3789	347.2
200	24480	8500	170000	597.6	20400	8500	204000	498	20400	8500	204000	498	17000	11333.305	229500	448.2	24480	7727.2727273	173147.97447	398.4	27199.932	8500	153000.3825	348.6
201	24721.92	8584	171680	600	20601.6	8584	206016	500	20601.6	8584	206016	500	17168	11445.30472	231768	450	24721.92	7803.6363636	174859.08386	400	27468.731328	8584	154512.38628	350
202	24963.84	8668	173360	602.4	20803.2	8668	208032	502	20803.2	8668	208032	502	17336	11557.30444	234036	451.8	24963.84	7880	176570.19326	401.6	27737.530656	8668	156024.39006	351.4
203	25205.76	8752	175040	604.8	21004.8	8752	210048	504	21004.8	8752	210048	504	17504	11669.30416	236304	453.6	25205.76	7956.3636364	178281.30265	403.2	28006.329984	8752	157536.39384	352.8
204	25447.68	8836	176720	607.2	21206.4	8836	212064	506	21206.4	8836	212064	506	17672	11781.30388	238572	455.4	25447.68	8032.7272727	179992.41204	404.8	28275.129312	8836	159048.39762	354.2
205	25689.6	8920	178400	609.6	21408	8920	214080	508	21408	8920	214080	508	17840	11893.3036	240840	457.2	25689.6	8109.0909091	181703.52144	406.4	28543.92864	8920	160560.4014	355.6
206	25931.52	9004	180080	612	21609.6	9004	216096	510	21609.6	9004	216096	510	18008	12005.30332	243108	459	25931.52	8185.4545455	183414.63083	408	28812.727968	9004	162072.40518	357
207	26173.44	9088	181760	614.4	21811.2	9088	218112	512	21811.2	9088	218112	512	18176	12117.30304	245376	460.8	26173.44	8261.8181818	185125.74023	409.6	29081.527296	9088	163584.40896	358.4
208	26415.36	9172	183440	616.8	22012.8	9172	220128	514	22012.8	9172	220128	514	18344	12229.30276	247644	462.6	26415.36	8338.1818182	186836.84962	411.2	29350.326624	9172	165096.41274	359.8
209	26657.28	9256	185120	619.2	22214.4	9256	222144	516	22214.4	9256	222144	516	18512	12341.30248	249912	464.4	26657.28	8414.5454545	188547.95902	412.8	29619.125952	9256	166608.41652	361.2
210	26899.2	9340	186800	621.6	22416	9340	224160	518	22416	9340	224160	518	18680	12453.3022	252180	466.2	26899.2	8490.9090909	190259.06841	414.4	29887.92528	9340	168120.4203	362.6
211	27152.64	9428	188560	624	22627.2	9428	226272	520	22627.2	9428	226272	520	18856	12570.63524	254556	468	27152.64	8570.9090909	192051.65921	416	30169.524576	9428	169704.42426	364
212	27406.08	9516	190320	626.4	22838.4	9516	228384	522	22838.4	9516	228384	522	19032	12687.96828	256932	469.8	27406.08	8650.9090909	193844.25	417.6	30451.123872	9516	171288.42822	365.4
213	27659.52	9604	192080	628.8	23049.6	9604	230496	524	23049.6	9604	230496	524	19208	12805.30132	259308	471.6	27659.52	8730.9090909	195636.8408	419.2	30732.723168	9604	172872.43218	366.8
214	27912.96	9692	193840	631.2	23260.8	9692	232608	526	23260.8	9692	232608	526	19384	12922.63436	261684	473.4	27912.96	8810.9090909	197429.43159	420.8	31014.322464	9692	174456.43614	368.2
215	28166.4	9780	195600	633.6	23472	9780	234720	528	23472	9780	234720	528	19560	13039.9674	264060	475.2	28166.4	8890.9090909	199222.02239	422.4	31295.92176	9780	176040.4401	369.6
216	28419.84	9868	197360	636	23683.2	9868	236832	530	23683.2	9868	236832	530	19736	13157.30044	266436	477	28419.84	8970.9090909	201014.61318	424	31577.521056	9868	177624.44406	371
217	28673.28	9956	199120	638.4	23894.4	9956	238944	532	23894.4	9956	238944	532	19912	13274.63348	268812	478.8	28673.28	9050.9090909	202807.20397	425.6	31859.120352	9956	179208.44802	372.4
218	28926.72	10044	200880	640.8	24105.6	10044	241056	534	24105.6	10044	241056	534	20088	13391.96652	271188	480.6	28926.72	9130.9090909	204599.79477	427.2	32140.719648	10044	180792.45198	373.8
219	29180.16	10132	202640	643.2	24316.8	10132	243168	536	24316.8	10132	243168	536	20264	13509.29956	273564	482.4	29180.16	9210.9090909	206392.38556	428.8	32422.318944	10132	182376.45594	375.2
220	29433.6	10220	204400	645.6	24528	10220	245280	538	24528	10220	245280	538	20440	13626.6326	275940	484.2	29433.6	9290.9090909	208184.97636	430.4	32703.91824	10220	183960.4599	376.6
221	29698.56	10312	206240	648	24748.8	10312	247488	540	24748.8	10312	247488	540	20624	13749.29896	278424	486	29698.56	9374.5454545	210059.04855	432	32998.317504	10312	185616.46404	378
222	29963.52	10404	208080	650.4	24969.6	10404	249696	542	24969.6	10404	249696	542	20808	13871.96532	280908	487.8	29963.52	9458.1818182	211933.12075	433.6	33292.716768	10404	187272.46818	379.4
223	30228.48	10496	209920	652.8	25190.4	10496	251904	544	25190.4	10496	251904	544	20992	13994.63168	283392	489.6	30228.48	9541.8181818	213807.19294	435.2	33587.116032	10496	188928.47232	380.8
224	30493.44	10588	211760	655.2	25411.2	10588	254112	546	25411.2	10588	254112	546	21176	14117.29804	285876	491.4	30493.44	9625.4545455	215681.26513	436.8	33881.515296	10588	190584.47646	382.2
225	30758.4	10680	213600	657.6	25632	10680	256320	548	25632	10680	256320	548	21360	14239.9644	288360	493.2	30758.4	9709.0909091	217555.33733	438.4	34175.91456	10680	192240.4806	383.6
226	31023.36	10772	215440	660	25852.8	10772	258528	550	25852.8	10772	258528	550	21544	14362.63076	290844	495	31023.36	9792.7272727	219429.40952	440	34470.313824	10772	193896.48474	385
227	31288.32	10864	217280	662.4	26073.6	10864	260736	552	26073.6	10864	260736	552	21728	14485.29712	293328	496.8	31288.32	9876.3636364	221303.48172	441.6	34764.713088	10864	195552.48888	386.4
228	31553.28	10956	219120	664.8	26294.4	10956	262944	554	26294.4	10956	262944	554	21912	14607.96348	295812	498.6	31553.28	9960	223177.55391	443.2	35059.112352	10956	197208.49302	387.8
229	31818.24	11048	220960	667.2	26515.2	11048	265152	556	26515.2	11048	265152	556	22096	14730.62984	298296	500.4	31818.24	10043.636364	225051.62611	444.8	35353.511616	11048	198864.49716	389.2
230	32083.2	11140	222800	669.6	26736	11140	267360	558	26736	11140	267360	558	22280	14853.2962	300780	502.2	32083.2	10127.272727	226925.6983	446.4	35647.91088	11140	200520.5013	390.6
231	32359.68	11236	224720	672	26966.4	11236	269664	560	26966.4	11236	269664	560	22472	14981.29588	303372	504	32359.68	10214.545455	228881.25189	448	35955.110112	11236	202248.50562	392
232	32636.16	11332	226640	674.4	27196.8	11332	271968	562	27196.8	11332	271968	562	22664	15109.29556	305964	505.8	32636.16	10301.818182	230836.80549	449.6	36262.309344	11332	203976.50994	393.4
233	32912.64	11428	228560	676.8	27427.2	11428	274272	564	27427.2	11428	274272	564	22856	15237.29524	308556	507.6	32912.64	10389.090909	232792.35908	451.2	36569.508576	11428	205704.51426	394.8
234	33189.12	11524	230480	679.2	27657.6	11524	276576	566	27657.6	11524	276576	566	23048	15365.29492	311148	509.4	33189.12	10476.363636	234747.91268	452.8	36876.707808	11524	207432.51858	396.2
235	33465.6	11620	232400	681.6	27888	11620	278880	568	27888	11620	278880	568	23240	15493.2946	313740	511.2	33465.6	10563.636364	236703.46627	454.4	37183.90704	11620	209160.5229	397.6
236	33742.08	11716	234320	684	28118.4	11716	281184	570	28118.4	11716	281184	570	23432	15621.29428	316332	513	33742.08	10650.909091	238659.01986	456	37491.106272	11716	210888.52722	399
237	34018.56	11812	236240	686.4	28348.8	11812	283488	572	28348.8	11812	283488	572	23624	15749.29396	318924	514.8	34018.56	10738.181818	240614.57346	457.6	37798.305504	11812	212616.53154	400.4
238	34295.04	11908	238160	688.8	28579.2	11908	285792	574	28579.2	11908	285792	574	23816	15877.29364	321516	516.6	34295.04	10825.454545	242570.12705	459.2	38105.504736	11908	214344.53586	401.8
239	34571.52	12004	240080	691.2	28809.6	12004	288096	576	28809.6	12004	288096	576	24008	16005.29332	324108	518.4	34571.52	10912.727273	244525.68065	460.8	38412.703968	12004	216072.54018	403.2
240	34848	12100	242000	693.6	29040	12100	290400	578	29040	12100	290400	578	24200	16133.293	326700	520.2	34848	11000	246481.23424	462.4	38719.9032	12100	217800.5445	404.6
241	35136	12200	244000	696	29280	12200	292800	580	29280	12200	292800	580	24400	16266.626	329400	522	35136	11090.909091	248518.26923	464	39039.9024	12200	219600.549	406
242	35424	12300	246000	698.4	29520	12300	295200	582	29520	12300	295200	582	24600	16399.959	332100	523.8	35424	11181.818182	250555.30423	465.6	39359.9016	12300	221400.5535	407.4
243	35712	12400	248000	700.8	29760	12400	297600	584	29760	12400	297600	584	24800	16533.292	334800	525.6	35712	11272.727273	252592.33922	467.2	39679.9008	12400	223200.558	408.8
244	36000	12500	250000	703.2	30000	12500	300000	586	30000	12500	300000	586	25000	16666.625	337500	527.4	36000	11363.636364	254629.37421	468.8	39999.9	12500	225000.5625	410.2
245	36288	12600	252000	705.6	30240	12600	302400	588	30240	12600	302400	588	25200	16799.958	340200	529.2	36288	11454.545455	256666.40921	470.4	40319.8992	12600	226800.567	411.6
246	36576	12700	254000	708	30480	12700	304800	590	30480	12700	304800	590	25400	16933.291	342900	531	36576	11545.454545	258703.4442	472	40639.8984	12700	228600.5715	413
247	36864	12800	256000	710.4	30720	12800	307200	592	30720	12800	307200	592	25600	17066.624	345600	532.8	36864	11636.363636	260740.4792	473.6	40959.8976	12800	230400.576	414.4
248	37152	12900	258000	712.8	30960	12900	309600	594	30960	12900	309600	594	25800	17199.957	348300	534.6	37152	11727.272727	262777.51419	475.2	41279.8968	12900	232200.5805	415.8
249	37440	13000	260000	715.2	31200	13000	312000	596	31200	13000	312000	596	26000	17333.29	351000	536.4	37440	11818.181818	264814.54918	476.8	41599.896	13000	234000.585	417.2
250	37728	13100	262000	717.6	31440	13100	314400	598	31440	13100	314400	598	26200	17466.623	353700	538.2	37728	11909.090909	266851.58418	478.4	41919.8952	13100	235800.5895	418.6
251	38027.52	13204	264080	720	31689.6	13204	316896	600	31689.6	13204	316896	600	26408	17605.28932	356508	540	38027.52	12003.636364	268970.10057	480	42252.694368	13204	237672.59418	420
252	38327.04	13308	266160	722.4	31939.2	13308	319392	602	31939.2	13308	319392	602	26616	17743.95564	359316	541.8	38327.04	12098.181818	271088.61696	481.6	42585.493536	13308	239544.59886	421.4
253	38626.56	13412	268240	724.8	32188.8	13412	321888	604	32188.8	13412	321888	604	26824	17882.62196	362124	543.6	38626.56	12192.727273	273207.13336	483.2	42918.292704	13412	241416.60354	422.8
254	38926.08	13516	270320	727.2	32438.4	13516	324384	606	32438.4	13516	324384	606	27032	18021.28828	364932	545.4	38926.08	12287.272727	275325.64975	484.8	43251.091872	13516	243288.60822	424.2
255	39225.6	13620	272400	729.6	32688	13620	326880	608	32688	13620	326880	608	27240	18159.9546	367740	547.2	39225.6	12381.818182	277444.16614	486.4	43583.89104	13620	245160.6129	425.6
256	39525.12	13724	274480	732	32937.6	13724	329376	610	32937.6	13724	329376	610	27448	18298.62092	370548	549	39525.12	12476.363636	279562.68254	488	43916.690208	13724	247032.61758	427
257	39824.64	13828	276560	734.4	33187.2	13828	331872	612	33187.2	13828	331872	612	27656	18437.28724	373356	550.8	39824.64	12570.909091	281681.19893	489.6	44249.489376	13828	248904.62226	428.4
258	40124.16	13932	278640	736.8	33436.8	13932	334368	614	33436.8	13932	334368	614	27864	18575.95356	376164	552.6	40124.16	12665.454545	283799.71532	491.2	44582.288544	13932	250776.62694	429.8
259	40423.68	14036	280720	739.2	33686.4	14036	336864	616	33686.4	14036	336864	616	28072	18714.61988	378972	554.4	40423.68	12760	285918.23172	492.8	44915.087712	14036	252648.63162	431.2
260	40723.2	14140	282800	741.6	33936	14140	339360	618	33936	14140	339360	618	28280	18853.2862	381780	556.2	40723.2	12854.545455	288036.74811	494.4	45247.88688	14140	254520.6363	432.6
261	41034.24	14248	284960	744	34195.2	14248	341952	620	34195.2	14248	341952	620	28496	18997.28584	384696	558	41034.24	12952.727273	290236.7459	496	45593.486016	14248	256464.64116	434
262	41345.28	14356	287120	746.4	34454.4	14356	344544	622	34454.4	14356	344544	622	28712	19141.28548	387612	559.8	41345.28	13050.909091	292436.7437	497.6	45939.085152	14356	258408.64602	435.4
263	41656.32	14464	289280	748.8	34713.6	14464	347136	624	34713.6	14464	347136	624	28928	19285.28512	390528	561.6	41656.32	13149.090909	294636.74149	499.2	46284.684288	14464	260352.65088	436.8
264	41967.36	14572	291440	751.2	34972.8	14572	349728	626	34972.8	14572	349728	626	29144	19429.28476	393444	563.4	41967.36	13247.272727	296836.73928	500.8	46630.283424	14572	262296.65574	438.2
265	42278.4	14680	293600	753.6	35232	14680	352320	628	35232	14680	352320	628	29360	19573.2844	396360	565.2	42278.4	13345.454545	299036.73708	502.4	46975.88256	14680	264240.6606	439.6
266	42589.44	14788	295760	756	35491.2	14788	354912	630	35491.2	14788	354912	630	29576	19717.28404	399276	567	42589.44	13443.636364	301236.73487	504	47321.481696	14788	266184.66546	441
267	42900.48	14896	297920	758.4	35750.4	14896	357504	632	35750.4	14896	357504	632	29792	19861.28368	402192	568.8	42900.48	13541.818182	303436.73266	505.6	47667.080832	14896	268128.67032	442.4
268	43211.52	15004	300080	760.8	36009.6	15004	360096	634	36009.6	15004	360096	634	30008	20005.28332	405108	570.6	43211.52	13640	305636.73046	507.2	48012.679968	15004	270072.67518	443.8
269	43522.56	15112	302240	763.2	36268.8	15112	362688	636	36268.8	15112	362688	636	30224	20149.28296	408024	572.4	43522.56	13738.181818	307836.72825	508.8	48358.279104	15112	272016.68004	445.2
270	43833.6	15220	304400	765.6	36528	15220	365280	638	36528	15220	365280	638	30440	20293.2826	410940	574.2	43833.6	13836.363636	310036.72604	510.4	48703.87824	15220	273960.6849	446.6
271	44156.16	15332	306640	768	36796.8	15332	367968	640	36796.8	15332	367968	640	30664	20442.61556	413964	576	44156.16	13938.181818	312318.20524	512	49062.277344	15332	275976.68994	448
272	44478.72	15444	308880	770.4	37065.6	15444	370656	642	37065.6	15444	370656	642	30888	20591.94852	416988	577.8	44478.72	14040	314599.68443	513.6	49420.676448	15444	277992.69498	449.4
273	44801.28	15556	311120	772.8	37334.4	15556	373344	644	37334.4	15556	373344	644	31112	20741.28148	420012	579.6	44801.28	14141.818182	316881.16362	515.2	49779.075552	15556	280008.70002	450.8
274	45123.84	15668	313360	775.2	37603.2	15668	376032	646	37603.2	15668	376032	646	31336	20890.61444	423036	581.4	45123.84	14243.636364	319162.64282	516.8	50137.474656	15668	282024.70506	452.2
275	45446.4	15780	315600	777.6	37872	15780	378720	648	37872	15780	378720	648	31560	21039.9474	426060	583.2	45446.4	14345.454545	321444.12201	518.4	50495.87376	15780	284040.7101	453.6
276	45768.96	15892	317840	780	38140.8	15892	381408	650	38140.8	15892	381408	650	31784	21189.28036	429084	585	45768.96	14447.272727	323725.6012	520	50854.272864	15892	286056.71514	455
277	46091.52	16004	320080	782.4	38409.6	16004	384096	652	38409.6	16004	384096	652	32008	21338.61332	432108	586.8	46091.52	14549.090909	326007.08039	521.6	51212.671968	16004	288072.72018	456.4
278	46414.08	16116	322320	784.8	38678.4	16116	386784	654	38678.4	16116	386784	654	32232	21487.94628	435132	588.6	46414.08	14650.909091	328288.55959	523.2	51571.071072	16116	290088.72522	457.8
279	46736.64	16228	324560	787.2	38947.2	16228	389472	656	38947.2	16228	389472	656	32456	21637.27924	438156	590.4	46736.64	14752.727273	330570.03878	524.8	51929.470176	16228	292104.73026	459.2
280	47059.2	16340	326800	789.6	39216	16340	392160	658	39216	16340	392160	658	32680	21786.6122	441180	592.2	47059.2	14854.545455	332851.51797	526.4	52287.86928	16340	294120.7353	460.6
281	47393.28	16456	329120	792	39494.4	16456	394944	660	39494.4	16456	394944	660	32912	21941.27848	444312	594	47393.28	14960	335214.47857	528	52659.068352	16456	296208.74052	462
282	47727.36	16572	331440	794.4	39772.8	16572	397728	662	39772.8	16572	397728	662	33144	22095.94476	447444	595.8	47727.36	15065.454545	337577.43916	529.6	53030.267424	16572	298296.74574	463.4
283	48061.44	16688	333760	796.8	40051.2	16688	400512	664	40051.2	16688	400512	664	33376	22250.61104	450576	597.6	48061.44	15170.909091	339940.39975	531.2	53401.466496	16688	300384.75096	464.8
284	48395.52	16804	336080	799.2	40329.6	16804	403296	666	40329.6	16804	403296	666	33608	22405.27732	453708	599.4	48395.52	15276.363636	342303.36034	532.8	53772.665568	16804	302472.75618	466.2
285	48729.6	16920	338400	801.6	40608	16920	406080	668	40608	16920	406080	668	33840	22559.9436	456840	601.2	48729.6	15381.818182	344666.32094	534.4	54143.86464	16920	304560.7614	467.6
286	49063.68	17036	340720	804	40886.4	17036	408864	670	40886.4	17036	408864	670	34072	22714.60988	459972	603	49063.68	15487.272727	347029.28153	536	54515.063712	17036	306648.76662	469
287	49397.76	17152	343040	806.4	41164.8	17152	411648	672	41164.8	17152	411648	672	34304	22869.27616	463104	604.8	49397.76	15592.727273	349392.24212	537.6	54886.262784	17152	308736.77184	470.4
288	49731.84	17268	345360	808.8	41443.2	17268	414432	674	41443.2	17268	414432	674	34536	23023.94244	466236	606.6	49731.84	15698.181818	351755.20271	539.2	55257.461856	17268	310824.77706	471.8
289	50065.92	17384	347680	811.2	41721.6	17384	417216	676	41721.6	17384	417216	676	34768	23178.60872	469368	608.4	50065.92	15803.636364	354118.16331	540.8	55628.660928	17384	312912.78228	473.2
290	50400	17500	350000	813.6	42000	17500	420000	678	42000	17500	420000	678	35000	23333.275	472500	610.2	50400	15909.090909	356481.1239	542.4	55999.86	17500	315000.7875	474.6
291	50745.6	17620	352400	816	42288	17620	422880	680	42288	17620	422880	680	35240	23493.2746	475740	612	50745.6	16018.181818	358925.56589	544	56383.85904	17620	317160.7929	476
292	51091.2	17740	354800	818.4	42576	17740	425760	682	42576	17740	425760	682	35480	23653.2742	478980	613.8	51091.2	16127.272727	361370.00789	545.6	56767.85808	17740	319320.7983	477.4
293	51436.8	17860	357200	820.8	42864	17860	428640	684	42864	17860	428640	684	35720	23813.2738	482220	615.6	51436.8	16236.363636	363814.44988	547.2	57151.85712	17860	321480.8037	478.8
294	51782.4	17980	359600	823.2	43152	17980	431520	686	43152	17980	431520	686	35960	23973.2734	485460	617.4	51782.4	16345.454545	366258.89187	548.8	57535.85616	17980	323640.8091	480.2
295	52128	18100	362000	825.6	43440	18100	434400	688	43440	18100	434400	688	36200	24133.273	488700	619.2	52128	16454.545455	368703.33386	550.4	57919.8552	18100	325800.8145	481.6
296	52473.6	18220	364400	828	43728	18220	437280	690	43728	18220	437280	690	36440	24293.2726	491940	621	52473.6	16563.636364	371147.77585	552	58303.85424	18220	327960.8199	483
297	52819.2	18340	366800	830.4	44016	18340	440160	692	44016	18340	440160	692	36680	24453.2722	495180	622.8	52819.2	16672.727273	373592.21785	553.6	58687.85328	18340	330120.8253	484.4
298	53164.8	18460	369200	832.8	44304	18460	443040	694	44304	18460	443040	694	36920	24613.2718	498420	624.6	53164.8	16781.818182	376036.65984	555.2	59071.85232	18460	332280.8307	485.8
299	53510.4	18580	371600	835.2	44592	18580	445920	696	44592	18580	445920	696	37160	24773.2714	501660	626.4	53510.4	16890.909091	378481.10183	556.8	59455.85136	18580	334440.8361	487.2
300	53856	18700	374000	837.6	44880	18700	448800	698	44880	18700	448800	698	37400	24933.271	504900	628.2	53856	17000	380925.54382	558.4	59839.8504	18700	336600.8415	488.6
301	54213.12	18824	376480	840	45177.6	18824	451776	700	45177.6	18824	451776	700	37648	25098.60392	508248	630	54213.12	17112.727273	383451.46722	560	60236.649408	18824	338832.84708	490
302	54570.24	18948	378960	842.4	45475.2	18948	454752	702	45475.2	18948	454752	702	37896	25263.93684	511596	631.8	54570.24	17225.454545	385977.39061	561.6	60633.448416	18948	341064.85266	491.4
303	54927.36	19072	381440	844.8	45772.8	19072	457728	704	45772.8	19072	457728	704	38144	25429.26976	514944	633.6	54927.36	17338.181818	388503.314	563.2	61030.247424	19072	343296.85824	492.8
304	55284.48	19196	383920	847.2	46070.4	19196	460704	706	46070.4	19196	460704	706	38392	25594.60268	518292	635.4	55284.48	17450.909091	391029.23739	564.8	61427.046432	19196	345528.86382	494.2
305	55641.6	19320	386400	849.6	46368	19320	463680	708	46368	19320	463680	708	38640	25759.9356	521640	637.2	55641.6	17563.636364	393555.16079	566.4	61823.84544	19320	347760.8694	495.6
306	55998.72	19444	388880	852	46665.6	19444	466656	710	46665.6	19444	466656	710	38888	25925.26852	524988	639	55998.72	17676.363636	396081.08418	568	62220.644448	19444	349992.87498	497
307	56355.84	19568	391360	854.4	46963.2	19568	469632	712	46963.2	19568	469632	712	39136	26090.60144	528336	640.8	56355.84	17789.090909	398607.00757	569.6	62617.443456	19568	352224.88056	498.4
308	56712.96	19692	393840	856.8	47260.8	19692	472608	714	47260.8	19692	472608	714	39384	26255.93436	531684	642.6	56712.96	17901.818182	401132.93096	571.2	63014.242464	19692	354456.88614	499.8
309	57070.08	19816	396320	859.2	47558.4	19816	475584	716	47558.4	19816	475584	716	39632	26421.26728	535032	644.4	57070.08	18014.545455	403658.85435	572.8	63411.041472	19816	356688.89172	501.2
310	57427.2	19940	398800	861.6	47856	19940	478560	718	47856	19940	478560	718	39880	26586.6002	538380	646.2	57427.2	18127.272727	406184.77775	574.4	63807.84048	19940	358920.8973	502.6
311	57795.84	20068	401360	864	48163.2	20068	481632	720	48163.2	20068	481632	720	40136	26757.26644	541836	648	57795.84	18243.636364	408792.18254	576	64217.439456	20068	361224.90306	504
312	58164.48	20196	403920	866.4	48470.4	20196	484704	722	48470.4	20196	484704	722	40392	26927.93268	545292	649.8	58164.48	18360	411399.58733	577.6	64627.038432	20196	363528.90882	505.4
313	58533.12	20324	406480	868.8	48777.6	20324	487776	724	48777.6	20324	487776	724	40648	27098.59892	548748	651.6	58533.12	18476.363636	414006.99212	579.2	65036.637408	20324	365832.91458	506.8
314	58901.76	20452	409040	871.2	49084.8	20452	490848	726	49084.8	20452	490848	726	40904	27269.26516	552204	653.4	58901.76	18592.727273	416614.39691	580.8	65446.236384	20452	368136.92034	508.2
315	59270.4	20580	411600	873.6	49392	20580	493920	728	49392	20580	493920	728	41160	27439.9314	555660	655.2	59270.4	18709.090909	419221.80171	582.4	65855.83536	20580	370440.9261	509.6
316	59639.04	20708	414160	876	49699.2	20708	496992	730	49699.2	20708	496992	730	41416	27610.59764	559116	657	59639.04	18825.454545	421829.2065	584	66265.434336	20708	372744.93186	511
317	60007.68	20836	416720	878.4	50006.4	20836	500064	732	50006.4	20836	500064	732	41672	27781.26388	562572	658.8	60007.68	18941.818182	424436.61129	585.6	66675.033312	20836	375048.93762	512.4
318	60376.32	20964	419280	880.8	50313.6	20964	503136	734	50313.6	20964	503136	734	41928	27951.93012	566028	660.6	60376.32	19058.181818	427044.01608	587.2	67084.632288	20964	377352.94338	513.8
319	60744.96	21092	421840	883.2	50620.8	21092	506208	736	50620.8	21092	506208	736	42184	28122.59636	569484	662.4	60744.96	19174.545455	429651.42087	588.8	67494.231264	21092	379656.94914	515.2
320	61113.6	21220	424400	885.6	50928	21220	509280	738	50928	21220	509280	738	42440	28293.2626	572940	664.2	61113.6	19290.909091	432258.82567	590.4	67903.83024	21220	381960.9549	516.6
321	61493.76	21352	427040	888	51244.8	21352	512448	740	51244.8	21352	512448	740	42704	28469.26216	576504	666	61493.76	19410.909091	434947.71186	592	68326.229184	21352	384336.96084	518
322	61873.92	21484	429680	890.4	51561.6	21484	515616	742	51561.6	21484	515616	742	42968	28645.26172	580068	667.8	61873.92	19530.909091	437636.59805	593.6	68748.628128	21484	386712.96678	519.4
323	62254.08	21616	432320	892.8	51878.4	21616	518784	744	51878.4	21616	518784	744	43232	28821.26128	583632	669.6	62254.08	19650.909091	440325.48424	595.2	69171.027072	21616	389088.97272	520.8
324	62634.24	21748	434960	895.2	52195.2	21748	521952	746	52195.2	21748	521952	746	43496	28997.26084	587196	671.4	62634.24	19770.909091	443014.37043	596.8	69593.426016	21748	391464.97866	522.2
325	63014.4	21880	437600	897.6	52512	21880	525120	748	52512	21880	525120	748	43760	29173.2604	590760	673.2	63014.4	19890.909091	445703.25662	598.4	70015.82496	21880	393840.9846	523.6
326	63394.56	22012	440240	900	52828.8	22012	528288	750	52828.8	22012	528288	750	44024	29349.25996	594324	675	63394.56	20010.909091	448392.14282	600	70438.223904	22012	396216.99054	525
327	63774.72	22144	442880	902.4	53145.6	22144	531456	752	53145.6	22144	531456	752	44288	29525.25952	597888	676.8	63774.72	20130.909091	451081.02901	601.6	70860.622848	22144	398592.99648	526.4
328	64154.88	22276	445520	904.8	53462.4	22276	534624	754	53462.4	22276	534624	754	44552	29701.25908	601452	678.6	64154.88	20250.909091	453769.9152	603.2	71283.021792	22276	400969.00242	527.8
329	64535.04	22408	448160	907.2	53779.2	22408	537792	756	53779.2	22408	537792	756	44816	29877.25864	605016	680.4	64535.04	20370.909091	456458.80139	604.8	71705.420736	22408	403345.00836	529.2
330	64915.2	22540	450800	909.6	54096	22540	540960	758	54096	22540	540960	758	45080	30053.2582	608580	682.2	64915.2	20490.909091	459147.68758	606.4	72127.81968	22540	405721.0143	530.6
331	65306.88	22676	453520	912	54422.4	22676	544224	760	54422.4	22676	544224	760	45352	30234.59108	612252	684	65306.88	20614.545455	461918.05517	608	72563.018592	22676	408169.02042	532
332	65698.56	22812	456240	914.4	54748.8	22812	547488	762	54748.8	22812	547488	762	45624	30415.92396	615924	685.8	65698.56	20738.181818	464688.42277	609.6	72998.217504	22812	410617.02654	533.4
333	66090.24	22948	458960	916.8	55075.2	22948	550752	764	55075.2	22948	550752	764	45896	30597.25684	619596	687.6	66090.24	20861.818182	467458.79036	611.2	73433.416416	22948	413065.03266	534.8
334	66481.92	23084	461680	919.2	55401.6	23084	554016	766	55401.6	23084	554016	766	46168	30778.58972	623268	689.4	66481.92	20985.454545	470229.15795	612.8	73868.615328	23084	415513.03878	536.2
335	66873.6	23220	464400	921.6	55728	23220	557280	768	55728	23220	557280	768	46440	30959.9226	626940	691.2	66873.6	21109.090909	472999.52554	614.4	74303.81424	23220	417961.0449	537.6
336	67265.28	23356	467120	924	56054.4	23356	560544	770	56054.4	23356	560544	770	46712	31141.25548	630612	693	67265.28	21232.727273	475769.89313	616	74739.013152	23356	420409.05102	539
337	67656.96	23492	469840	926.4	56380.8	23492	563808	772	56380.8	23492	563808	772	46984	31322.58836	634284	694.8	67656.96	21356.363636	478540.26072	617.6	75174.212064	23492	422857.05714	540.4
338	68048.64	23628	472560	928.8	56707.2	23628	567072	774	56707.2	23628	567072	774	47256	31503.92124	637956	696.6	68048.64	21480	481310.62831	619.2	75609.410976	23628	425305.06326	541.8
339	68440.32	23764	475280	931.2	57033.6	23764	570336	776	57033.6	23764	570336	776	47528	31685.25412	641628	698.4	68440.32	21603.636364	484080.99591	620.8	76044.609888	23764	427753.06938	543.2
340	68832	23900	478000	933.6	57360	23900	573600	778	57360	23900	573600	778	47800	31866.587	645300	700.2	68832	21727.272727	486851.3635	622.4	76479.8088	23900	430201.0755	544.6
341	69235.2	24040	480800	936	57696	24040	576960	780	57696	24040	576960	780	48080	32053.2532	649080	702	69235.2	21854.545455	489703.21249	624	76927.80768	24040	432721.0818	546
342	69638.4	24180	483600	938.4	58032	24180	580320	782	58032	24180	580320	782	48360	32239.9194	652860	703.8	69638.4	21981.818182	492555.06148	625.6	77375.80656	24180	435241.0881	547.4
343	70041.6	24320	486400	940.8	58368	24320	583680	784	58368	24320	583680	784	48640	32426.5856	656640	705.6	70041.6	22109.090909	495406.91047	627.2	77823.80544	24320	437761.0944	548.8
344	70444.8	24460	489200	943.2	58704	24460	587040	786	58704	24460	587040	786	48920	32613.2518	660420	707.4	70444.8	22236.363636	498258.75946	628.8	78271.80432	24460	440281.1007	550.2
345	70848	24600	492000	945.6	59040	24600	590400	788	59040	24600	590400	788	49200	32799.918	664200	709.2	70848	22363.636364	501110.60845	630.4	78719.8032	24600	442801.107	551.6
346	71251.2	24740	494800	948	59376	24740	593760	790	59376	24740	593760	790	49480	32986.5842	667980	711	71251.2	22490.909091	503962.45745	632	79167.80208	24740	445321.1133	553
347	71654.4	24880	497600	950.4	59712	24880	597120	792	59712	24880	597120	792	49760	33173.2504	671760	712.8	71654.4	22618.181818	506814.30644	633.6	79615.80096	24880	447841.1196	554.4
348	72057.6	25020	500400	952.8	60048	25020	600480	794	60048	25020	600480	794	50040	33359.9166	675540	714.6	72057.6	22745.454545	509666.15543	635.2	80063.79984	25020	450361.1259	555.8
349	72460.8	25160	503200	955.2	60384	25160	603840	796	60384	25160	603840	796	50320	33546.5828	679320	716.4	72460.8	22872.727273	512518.00442	636.8	80511.79872	25160	452881.1322	557.2
350	72864	25300	506000	957.6	60720	25300	607200	798	60720	25300	607200	798	50600	33733.249	683100	718.2	72864	23000	515369.85341	638.4	80959.7976	25300	455401.1385	558.6
351	73278.72	25444	508880	960	61065.6	25444	610656	800	61065.6	25444	610656	800	50888	33925.24852	686988	720	73278.72	23130.909091	518303.1838	640	81420.596448	25444	457993.14498	560
352	73693.44	25588	511760	962.4	61411.2	25588	614112	802	61411.2	25588	614112	802	51176	34117.24804	690876	721.8	73693.44	23261.818182	521236.51419	641.6	81881.395296	25588	460585.15146	561.4
353	74108.16	25732	514640	964.8	61756.8	25732	617568	804	61756.8	25732	617568	804	51464	34309.24756	694764	723.6	74108.16	23392.727273	524169.84458	643.2	82342.194144	25732	463177.15794	562.8
354	74522.88	25876	517520	967.2	62102.4	25876	621024	806	62102.4	25876	621024	806	51752	34501.24708	698652	725.4	74522.88	23523.636364	527103.17497	644.8	82802.992992	25876	465769.16442	564.2
355	74937.6	26020	520400	969.6	62448	26020	624480	808	62448	26020	624480	808	52040	34693.2466	702540	727.2	74937.6	23654.545455	530036.50536	646.4	83263.79184	26020	468361.1709	565.6
356	75352.32	26164	523280	972	62793.6	26164	627936	810	62793.6	26164	627936	810	52328	34885.24612	706428	729	75352.32	23785.454545	532969.83576	648	83724.590688	26164	470953.17738	567
357	75767.04	26308	526160	974.4	63139.2	26308	631392	812	63139.2	26308	631392	812	52616	35077.24564	710316	730.8	75767.04	23916.363636	535903.16615	649.6	84185.389536	26308	473545.18386	568.4
358	76181.76	26452	529040	976.8	63484.8	26452	634848	814	63484.8	26452	634848	814	52904	35269.24516	714204	732.6	76181.76	24047.272727	538836.49654	651.2	84646.188384	26452	476137.19034	569.8
359	76596.48	26596	531920	979.2	63830.4	26596	638304	816	63830.4	26596	638304	816	53192	35461.24468	718092	734.4	76596.48	24178.181818	541769.82693	652.8	85106.987232	26596	478729.19682	571.2
360	77011.2	26740	534800	981.6	64176	26740	641760	818	64176	26740	641760	818	53480	35653.2442	721980	736.2	77011.2	24309.090909	544703.15732	654.4	85567.78608	26740	481321.2033	572.6
